datetime,adj_close,close,high,low,open,volume,symbol,month
2025-09-01 03:45:00+00:00,26.600000381469727,26.600000381469727,27.209999084472656,26.51000022888184,27.209999084472656,0,RUSHIL,2025-09
2025-09-01 03:50:00+00:00,26.63999938964844,26.63999938964844,26.780000686645508,26.399999618530277,26.59000015258789,71392,RUSHIL,2025-09
2025-09-01 03:55:00+00:00,26.3700008392334,26.3700008392334,26.6200008392334,26.3700008392334,26.59000015258789,60384,RUSHIL,2025-09
2025-09-01 04:00:00+00:00,26.34000015258789,26.34000015258789,26.420000076293945,26.280000686645508,26.36000061035156,55917,RUSHIL,2025-09
2025-09-01 04:05:00+00:00,26.309999465942383,26.309999465942383,26.36000061035156,26.209999084472656,26.280000686645508,44676,RUSHIL,2025-09
2025-09-01 04:10:00+00:00,26.57999992370605,26.57999992370605,26.600000381469727,26.34000015258789,26.34000015258789,35996,RUSHIL,2025-09
2025-09-01 04:15:00+00:00,26.709999084472656,26.709999084472656,26.75,26.530000686645508,26.530000686645508,46738,RUSHIL,2025-09
2025-09-01 04:20:00+00:00,27.350000381469727,27.350000381469727,27.57999992370605,26.61000061035156,26.709999084472656,120218,RUSHIL,2025-09
2025-09-01 04:25:00+00:00,26.940000534057617,26.940000534057617,27.229999542236328,26.899999618530277,27.21999931335449,73291,RUSHIL,2025-09
2025-09-01 04:30:00+00:00,27.0,27.0,27.15999984741211,26.700000762939453,26.920000076293945,77379,RUSHIL,2025-09
2025-09-01 04:35:00+00:00,26.850000381469727,26.850000381469727,27.0,26.850000381469727,27.0,47599,RUSHIL,2025-09
2025-09-01 04:40:00+00:00,26.93000030517578,26.93000030517578,26.979999542236328,26.8799991607666,26.940000534057617,10350,RUSHIL,2025-09
2025-09-01 04:45:00+00:00,26.84000015258789,26.84000015258789,26.979999542236328,26.84000015258789,26.950000762939453,3385,RUSHIL,2025-09
2025-09-01 04:50:00+00:00,26.82999992370605,26.82999992370605,26.950000762939453,26.81999969482422,26.84000015258789,20623,RUSHIL,2025-09
2025-09-01 04:55:00+00:00,26.81999969482422,26.81999969482422,26.899999618530277,26.81999969482422,26.82999992370605,4405,RUSHIL,2025-09
2025-09-01 05:00:00+00:00,26.850000381469727,26.850000381469727,26.88999938964844,26.81999969482422,26.81999969482422,2223,RUSHIL,2025-09
2025-09-01 05:05:00+00:00,26.950000762939453,26.950000762939453,26.979999542236328,26.8799991607666,26.899999618530277,18883,RUSHIL,2025-09
2025-09-01 05:10:00+00:00,27.020000457763672,27.020000457763672,27.15999984741211,26.959999084472656,26.959999084472656,7961,RUSHIL,2025-09
2025-09-01 05:15:00+00:00,27.13999938964844,27.13999938964844,27.290000915527344,26.96999931335449,27.049999237060547,65027,RUSHIL,2025-09
2025-09-01 05:20:00+00:00,26.950000762939453,26.950000762939453,27.1299991607666,26.920000076293945,27.06999969482422,15336,RUSHIL,2025-09
2025-09-01 05:25:00+00:00,26.959999084472656,26.959999084472656,27.040000915527344,26.93000030517578,26.979999542236328,7507,RUSHIL,2025-09
2025-09-01 05:30:00+00:00,27.020000457763672,27.020000457763672,27.07999992370605,26.959999084472656,26.959999084472656,2989,RUSHIL,2025-09
2025-09-01 05:35:00+00:00,27.07999992370605,27.07999992370605,27.170000076293945,26.989999771118164,27.06999969482422,14833,RUSHIL,2025-09
2025-09-01 05:40:00+00:00,27.149999618530277,27.149999618530277,27.149999618530277,27.040000915527344,27.149999618530277,15633,RUSHIL,2025-09
2025-09-01 05:45:00+00:00,27.049999237060547,27.049999237060547,27.13999938964844,27.0,27.13999938964844,1253,RUSHIL,2025-09
2025-09-01 05:50:00+00:00,27.01000022888184,27.01000022888184,27.020000457763672,26.81999969482422,26.959999084472656,13548,RUSHIL,2025-09
2025-09-01 05:55:00+00:00,27.06999969482422,27.06999969482422,27.13999938964844,26.86000061035156,26.86000061035156,22019,RUSHIL,2025-09
2025-09-01 06:00:00+00:00,27.059999465942383,27.059999465942383,27.1200008392334,27.0,27.1200008392334,28190,RUSHIL,2025-09
2025-09-01 06:05:00+00:00,26.96999931335449,26.96999931335449,27.040000915527344,26.90999984741211,27.01000022888184,9355,RUSHIL,2025-09
2025-09-01 06:10:00+00:00,26.90999984741211,26.90999984741211,27.01000022888184,26.90999984741211,26.959999084472656,3121,RUSHIL,2025-09
2025-09-01 06:15:00+00:00,26.950000762939453,26.950000762939453,27.020000457763672,26.920000076293945,26.920000076293945,1791,RUSHIL,2025-09
2025-09-01 06:20:00+00:00,26.81999969482422,26.81999969482422,26.959999084472656,26.799999237060547,26.959999084472656,9373,RUSHIL,2025-09
2025-09-01 06:25:00+00:00,26.90999984741211,26.90999984741211,26.979999542236328,26.86000061035156,26.96999931335449,36922,RUSHIL,2025-09
2025-09-01 06:30:00+00:00,26.8700008392334,26.8700008392334,26.90999984741211,26.86000061035156,26.90999984741211,2295,RUSHIL,2025-09
2025-09-01 06:35:00+00:00,26.950000762939453,26.950000762939453,27.030000686645508,26.8700008392334,26.90999984741211,9153,RUSHIL,2025-09
2025-09-01 06:40:00+00:00,27.0,27.0,27.030000686645508,26.850000381469727,26.850000381469727,9736,RUSHIL,2025-09
2025-09-01 06:45:00+00:00,26.959999084472656,26.959999084472656,27.09000015258789,26.899999618530277,27.0,6758,RUSHIL,2025-09
2025-09-01 06:50:00+00:00,27.01000022888184,27.01000022888184,27.020000457763672,26.989999771118164,27.01000022888184,1674,RUSHIL,2025-09
2025-09-01 06:55:00+00:00,27.21999931335449,27.21999931335449,27.25,27.049999237060547,27.06999969482422,17173,RUSHIL,2025-09
2025-09-01 07:00:00+00:00,27.299999237060547,27.299999237060547,27.440000534057617,27.21999931335449,27.21999931335449,39310,RUSHIL,2025-09
2025-09-01 07:05:00+00:00,27.600000381469727,27.600000381469727,27.600000381469727,27.309999465942383,27.309999465942383,50350,RUSHIL,2025-09
2025-09-01 07:10:00+00:00,27.979999542236328,27.979999542236328,27.979999542236328,27.450000762939453,27.739999771118164,92745,RUSHIL,2025-09
2025-09-01 07:15:00+00:00,27.6200008392334,27.6200008392334,27.920000076293945,27.6200008392334,27.88999938964844,21599,RUSHIL,2025-09
2025-09-01 07:20:00+00:00,28.8799991607666,28.8799991607666,29.25,27.600000381469727,27.6200008392334,318981,RUSHIL,2025-09
2025-09-01 07:25:00+00:00,29.01000022888184,29.01000022888184,29.399999618530277,28.75,28.75,304619,RUSHIL,2025-09
2025-09-01 07:30:00+00:00,29.46999931335449,29.46999931335449,29.950000762939453,29.0,29.040000915527344,594357,RUSHIL,2025-09
2025-09-01 07:35:00+00:00,29.82999992370605,29.82999992370605,30.0,29.420000076293945,29.440000534057617,525959,RUSHIL,2025-09
2025-09-01 07:40:00+00:00,29.65999984741211,29.65999984741211,29.8799991607666,29.46999931335449,29.850000381469727,210279,RUSHIL,2025-09
2025-09-01 07:45:00+00:00,29.18000030517578,29.18000030517578,29.59000015258789,28.899999618530277,29.59000015258789,468520,RUSHIL,2025-09
2025-09-01 07:50:00+00:00,29.0,29.0,29.21999931335449,28.90999984741211,29.100000381469727,139601,RUSHIL,2025-09
2025-09-01 07:55:00+00:00,29.0,29.0,29.11000061035156,28.56999969482422,28.93000030517578,236119,RUSHIL,2025-09
2025-09-01 08:00:00+00:00,29.420000076293945,29.420000076293945,29.479999542236328,29.09000015258789,29.100000381469727,307644,RUSHIL,2025-09
2025-09-01 08:05:00+00:00,29.26000022888184,29.26000022888184,29.479999542236328,29.170000076293945,29.479999542236328,81778,RUSHIL,2025-09
2025-09-01 08:10:00+00:00,29.09000015258789,29.09000015258789,29.270000457763672,29.06999969482422,29.270000457763672,116929,RUSHIL,2025-09
2025-09-01 08:15:00+00:00,29.190000534057617,29.190000534057617,29.299999237060547,29.09000015258789,29.13999938964844,54403,RUSHIL,2025-09
2025-09-01 08:20:00+00:00,29.43000030517578,29.43000030517578,29.600000381469727,29.190000534057617,29.190000534057617,276260,RUSHIL,2025-09
2025-09-01 08:25:00+00:00,29.1299991607666,29.1299991607666,29.43000030517578,29.11000061035156,29.399999618530277,95831,RUSHIL,2025-09
2025-09-01 08:30:00+00:00,29.01000022888184,29.01000022888184,29.190000534057617,28.799999237060547,29.18000030517578,271613,RUSHIL,2025-09
2025-09-01 08:35:00+00:00,29.030000686645508,29.030000686645508,29.09000015258789,28.84000015258789,29.0,80164,RUSHIL,2025-09
2025-09-01 08:40:00+00:00,29.059999465942383,29.059999465942383,29.09000015258789,28.920000076293945,29.030000686645508,26724,RUSHIL,2025-09
2025-09-01 08:45:00+00:00,28.84000015258789,28.84000015258789,29.030000686645508,28.84000015258789,29.0,57144,RUSHIL,2025-09
2025-09-01 08:50:00+00:00,28.899999618530277,28.899999618530277,29.030000686645508,28.850000381469727,28.86000061035156,55867,RUSHIL,2025-09
2025-09-01 08:55:00+00:00,29.020000457763672,29.020000457763672,29.030000686645508,28.82999992370605,28.8700008392334,21249,RUSHIL,2025-09
2025-09-01 09:00:00+00:00,28.93000030517578,28.93000030517578,29.01000022888184,28.84000015258789,28.950000762939453,59091,RUSHIL,2025-09
2025-09-01 09:05:00+00:00,28.6299991607666,28.6299991607666,28.979999542236328,28.489999771118164,28.899999618530277,183350,RUSHIL,2025-09
2025-09-01 09:10:00+00:00,28.8799991607666,28.8799991607666,28.940000534057617,28.540000915527344,28.700000762939453,116675,RUSHIL,2025-09
2025-09-01 09:15:00+00:00,28.86000061035156,28.86000061035156,28.920000076293945,28.729999542236328,28.8799991607666,37594,RUSHIL,2025-09
2025-09-01 09:20:00+00:00,28.65999984741211,28.65999984741211,28.86000061035156,28.65999984741211,28.82999992370605,18021,RUSHIL,2025-09
2025-09-01 09:25:00+00:00,28.59000015258789,28.59000015258789,28.75,28.440000534057617,28.700000762939453,133850,RUSHIL,2025-09
2025-09-01 09:30:00+00:00,28.6200008392334,28.6200008392334,28.86000061035156,28.31999969482422,28.57999992370605,218656,RUSHIL,2025-09
2025-09-01 09:35:00+00:00,28.799999237060547,28.799999237060547,28.799999237060547,28.57999992370605,28.729999542236328,51043,RUSHIL,2025-09
2025-09-01 09:40:00+00:00,28.65999984741211,28.65999984741211,28.75,28.559999465942383,28.75,26377,RUSHIL,2025-09
2025-09-01 09:45:00+00:00,28.56999969482422,28.56999969482422,29.1299991607666,28.489999771118164,28.649999618530277,597985,RUSHIL,2025-09
2025-09-01 09:50:00+00:00,28.799999237060547,28.799999237060547,29.0,28.31999969482422,28.59000015258789,209478,RUSHIL,2025-09
2025-09-01 09:55:00+00:00,28.780000686645508,28.780000686645508,29.71999931335449,28.6200008392334,28.809999465942383,111759,RUSHIL,2025-09
2025-09-02 03:45:00+00:00,29.670000076293945,29.670000076293945,29.729999542236328,28.34000015258789,28.81999969482422,0,RUSHIL,2025-09
2025-09-02 03:50:00+00:00,29.049999237060547,29.049999237060547,29.6200008392334,29.0,29.6200008392334,64579,RUSHIL,2025-09
2025-09-02 03:55:00+00:00,28.950000762939453,28.950000762939453,29.200000762939453,28.809999465942383,29.100000381469727,70333,RUSHIL,2025-09
2025-09-02 04:00:00+00:00,29.229999542236328,29.229999542236328,29.239999771118164,28.82999992370605,29.049999237060547,58422,RUSHIL,2025-09
2025-09-02 04:05:00+00:00,29.25,29.25,29.290000915527344,29.09000015258789,29.200000762939453,40108,RUSHIL,2025-09
2025-09-02 04:10:00+00:00,29.299999237060547,29.299999237060547,29.40999984741211,29.200000762939453,29.239999771118164,35069,RUSHIL,2025-09
2025-09-02 04:15:00+00:00,29.36000061035156,29.36000061035156,29.700000762939453,29.209999084472656,29.299999237060547,144285,RUSHIL,2025-09
2025-09-02 04:20:00+00:00,29.239999771118164,29.239999771118164,29.420000076293945,29.209999084472656,29.399999618530277,46232,RUSHIL,2025-09
2025-09-02 04:25:00+00:00,29.020000457763672,29.020000457763672,29.299999237060547,29.0,29.280000686645508,54762,RUSHIL,2025-09
2025-09-02 04:30:00+00:00,29.18000030517578,29.18000030517578,29.420000076293945,29.11000061035156,29.290000915527344,101782,RUSHIL,2025-09
2025-09-02 04:35:00+00:00,29.11000061035156,29.11000061035156,29.18000030517578,29.0,29.06999969482422,23448,RUSHIL,2025-09
2025-09-02 04:40:00+00:00,28.96999931335449,28.96999931335449,29.18000030517578,28.959999084472656,29.040000915527344,36169,RUSHIL,2025-09
2025-09-02 04:45:00+00:00,29.100000381469727,29.100000381469727,29.149999618530277,28.93000030517578,29.040000915527344,19170,RUSHIL,2025-09
2025-09-02 04:50:00+00:00,29.06999969482422,29.06999969482422,29.149999618530277,29.059999465942383,29.07999992370605,13062,RUSHIL,2025-09
2025-09-02 04:55:00+00:00,29.030000686645508,29.030000686645508,29.06999969482422,29.020000457763672,29.06999969482422,3526,RUSHIL,2025-09
2025-09-02 05:00:00+00:00,29.06999969482422,29.06999969482422,29.06999969482422,29.0,29.059999465942383,12328,RUSHIL,2025-09
2025-09-02 05:05:00+00:00,29.100000381469727,29.100000381469727,29.11000061035156,29.01000022888184,29.06999969482422,10954,RUSHIL,2025-09
2025-09-02 05:10:00+00:00,29.18000030517578,29.18000030517578,29.209999084472656,29.040000915527344,29.100000381469727,17888,RUSHIL,2025-09
2025-09-02 05:15:00+00:00,29.190000534057617,29.190000534057617,29.190000534057617,29.11000061035156,29.170000076293945,2890,RUSHIL,2025-09
2025-09-02 05:20:00+00:00,29.06999969482422,29.06999969482422,29.270000457763672,29.06999969482422,29.209999084472656,35433,RUSHIL,2025-09
2025-09-02 05:25:00+00:00,29.049999237060547,29.049999237060547,29.049999237060547,28.96999931335449,29.0,42088,RUSHIL,2025-09
2025-09-02 05:30:00+00:00,29.0,29.0,29.06999969482422,28.96999931335449,28.96999931335449,5856,RUSHIL,2025-09
2025-09-02 05:35:00+00:00,29.030000686645508,29.030000686645508,29.170000076293945,28.96999931335449,29.0,26503,RUSHIL,2025-09
2025-09-02 05:40:00+00:00,29.100000381469727,29.100000381469727,29.100000381469727,29.040000915527344,29.09000015258789,2434,RUSHIL,2025-09
2025-09-02 05:45:00+00:00,29.200000762939453,29.200000762939453,29.21999931335449,29.100000381469727,29.100000381469727,14641,RUSHIL,2025-09
2025-09-02 05:50:00+00:00,29.270000457763672,29.270000457763672,29.420000076293945,29.21999931335449,29.21999931335449,24493,RUSHIL,2025-09
2025-09-02 05:55:00+00:00,29.100000381469727,29.100000381469727,29.209999084472656,29.059999465942383,29.200000762939453,5943,RUSHIL,2025-09
2025-09-02 06:00:00+00:00,29.100000381469727,29.100000381469727,29.15999984741211,29.100000381469727,29.100000381469727,2145,RUSHIL,2025-09
2025-09-02 06:05:00+00:00,29.040000915527344,29.040000915527344,29.11000061035156,28.899999618530277,29.100000381469727,36788,RUSHIL,2025-09
2025-09-02 06:10:00+00:00,29.01000022888184,29.01000022888184,29.07999992370605,29.0,29.01000022888184,6442,RUSHIL,2025-09
2025-09-02 06:15:00+00:00,28.93000030517578,28.93000030517578,29.09000015258789,28.809999465942383,29.01000022888184,46580,RUSHIL,2025-09
2025-09-02 06:20:00+00:00,28.93000030517578,28.93000030517578,28.940000534057617,28.850000381469727,28.93000030517578,2943,RUSHIL,2025-09
2025-09-02 06:25:00+00:00,28.51000022888184,28.51000022888184,28.920000076293945,28.51000022888184,28.920000076293945,46337,RUSHIL,2025-09
2025-09-02 06:30:00+00:00,28.57999992370605,28.57999992370605,28.850000381469727,28.57999992370605,28.850000381469727,209160,RUSHIL,2025-09
2025-09-02 06:35:00+00:00,28.56999969482422,28.56999969482422,28.670000076293945,28.51000022888184,28.600000381469727,12918,RUSHIL,2025-09
2025-09-02 06:40:00+00:00,28.65999984741211,28.65999984741211,28.68000030517578,28.51000022888184,28.51000022888184,33202,RUSHIL,2025-09
2025-09-02 06:45:00+00:00,28.76000022888184,28.76000022888184,28.76000022888184,28.59000015258789,28.600000381469727,5260,RUSHIL,2025-09
2025-09-02 06:50:00+00:00,28.6299991607666,28.6299991607666,28.729999542236328,28.6299991607666,28.729999542236328,1720,RUSHIL,2025-09
2025-09-02 06:55:00+00:00,28.68000030517578,28.68000030517578,28.770000457763672,28.68000030517578,28.690000534057617,14738,RUSHIL,2025-09
2025-09-02 07:00:00+00:00,28.6200008392334,28.6200008392334,28.75,28.5,28.71999931335449,179392,RUSHIL,2025-09
2025-09-02 07:05:00+00:00,28.600000381469727,28.600000381469727,28.600000381469727,28.51000022888184,28.600000381469727,10720,RUSHIL,2025-09
2025-09-02 07:10:00+00:00,28.530000686645508,28.530000686645508,28.6299991607666,28.530000686645508,28.540000915527344,18089,RUSHIL,2025-09
2025-09-02 07:15:00+00:00,28.489999771118164,28.489999771118164,28.59000015258789,28.3799991607666,28.530000686645508,29561,RUSHIL,2025-09
2025-09-02 07:20:00+00:00,28.51000022888184,28.51000022888184,28.670000076293945,28.5,28.540000915527344,23870,RUSHIL,2025-09
2025-09-02 07:25:00+00:00,28.57999992370605,28.57999992370605,28.61000061035156,28.5,28.5,5565,RUSHIL,2025-09
2025-09-02 07:30:00+00:00,28.6299991607666,28.6299991607666,28.63999938964844,28.600000381469727,28.600000381469727,643,RUSHIL,2025-09
2025-09-02 07:35:00+00:00,28.68000030517578,28.68000030517578,28.68000030517578,28.600000381469727,28.600000381469727,6287,RUSHIL,2025-09
2025-09-02 07:40:00+00:00,29.0,29.0,29.1299991607666,28.63999938964844,28.670000076293945,255576,RUSHIL,2025-09
2025-09-02 07:45:00+00:00,28.63999938964844,28.63999938964844,29.059999465942383,28.6299991607666,29.059999465942383,108182,RUSHIL,2025-09
2025-09-02 07:50:00+00:00,28.76000022888184,28.76000022888184,28.76000022888184,28.600000381469727,28.68000030517578,57106,RUSHIL,2025-09
2025-09-02 07:55:00+00:00,28.6299991607666,28.6299991607666,28.799999237060547,28.6299991607666,28.76000022888184,32499,RUSHIL,2025-09
2025-09-02 08:00:00+00:00,28.899999618530277,28.899999618530277,28.959999084472656,28.649999618530277,28.649999618530277,112944,RUSHIL,2025-09
2025-09-02 08:05:00+00:00,28.75,28.75,28.90999984741211,28.75,28.899999618530277,11087,RUSHIL,2025-09
2025-09-02 08:10:00+00:00,28.739999771118164,28.739999771118164,28.86000061035156,28.729999542236328,28.84000015258789,6672,RUSHIL,2025-09
2025-09-02 08:15:00+00:00,28.75,28.75,28.799999237060547,28.739999771118164,28.739999771118164,3016,RUSHIL,2025-09
2025-09-02 08:20:00+00:00,28.75,28.75,28.8700008392334,28.709999084472656,28.8700008392334,17734,RUSHIL,2025-09
2025-09-02 08:25:00+00:00,28.71999931335449,28.71999931335449,28.739999771118164,28.68000030517578,28.700000762939453,2288,RUSHIL,2025-09
2025-09-02 08:30:00+00:00,28.739999771118164,28.739999771118164,28.809999465942383,28.729999542236328,28.739999771118164,12845,RUSHIL,2025-09
2025-09-02 08:35:00+00:00,28.809999465942383,28.809999465942383,28.809999465942383,28.690000534057617,28.790000915527344,8443,RUSHIL,2025-09
2025-09-02 08:40:00+00:00,28.86000061035156,28.86000061035156,29.0,28.81999969482422,28.82999992370605,16115,RUSHIL,2025-09
2025-09-02 08:45:00+00:00,28.84000015258789,28.84000015258789,29.07999992370605,28.84000015258789,28.8700008392334,107502,RUSHIL,2025-09
2025-09-02 08:50:00+00:00,28.809999465942383,28.809999465942383,28.93000030517578,28.809999465942383,28.8799991607666,21490,RUSHIL,2025-09
2025-09-02 08:55:00+00:00,28.729999542236328,28.729999542236328,28.86000061035156,28.700000762939453,28.799999237060547,34869,RUSHIL,2025-09
2025-09-02 09:00:00+00:00,28.709999084472656,28.709999084472656,28.84000015258789,28.709999084472656,28.729999542236328,8714,RUSHIL,2025-09
2025-09-02 09:05:00+00:00,28.739999771118164,28.739999771118164,28.770000457763672,28.71999931335449,28.770000457763672,4090,RUSHIL,2025-09
2025-09-02 09:10:00+00:00,28.790000915527344,28.790000915527344,28.81999969482422,28.709999084472656,28.76000022888184,4680,RUSHIL,2025-09
2025-09-02 09:15:00+00:00,28.8700008392334,28.8700008392334,28.8700008392334,28.709999084472656,28.709999084472656,29365,RUSHIL,2025-09
2025-09-02 09:20:00+00:00,28.86000061035156,28.86000061035156,28.86000061035156,28.76000022888184,28.76000022888184,1834,RUSHIL,2025-09
2025-09-02 09:25:00+00:00,28.850000381469727,28.850000381469727,28.88999938964844,28.82999992370605,28.86000061035156,1928,RUSHIL,2025-09
2025-09-02 09:30:00+00:00,28.86000061035156,28.86000061035156,28.979999542236328,28.850000381469727,28.850000381469727,18672,RUSHIL,2025-09
2025-09-02 09:35:00+00:00,28.75,28.75,28.86000061035156,28.75,28.86000061035156,4176,RUSHIL,2025-09
2025-09-02 09:40:00+00:00,28.81999969482422,28.81999969482422,28.84000015258789,28.71999931335449,28.75,22250,RUSHIL,2025-09
2025-09-02 09:45:00+00:00,28.479999542236328,28.479999542236328,28.86000061035156,28.31999969482422,28.799999237060547,65426,RUSHIL,2025-09
2025-09-02 09:50:00+00:00,28.309999465942383,28.309999465942383,28.399999618530277,28.11000061035156,28.34000015258789,129638,RUSHIL,2025-09
2025-09-02 09:55:00+00:00,28.3799991607666,28.3799991607666,28.3799991607666,27.770000457763672,28.309999465942383,97010,RUSHIL,2025-09
2025-09-03 03:45:00+00:00,28.86000061035156,28.86000061035156,29.32999992370605,28.61000061035156,28.61000061035156,0,RUSHIL,2025-09
2025-09-03 03:50:00+00:00,28.809999465942383,28.809999465942383,28.920000076293945,28.75,28.8700008392334,59658,RUSHIL,2025-09
2025-09-03 03:55:00+00:00,28.979999542236328,28.979999542236328,28.979999542236328,28.809999465942383,28.86000061035156,8275,RUSHIL,2025-09
2025-09-03 04:00:00+00:00,28.899999618530277,28.899999618530277,28.940000534057617,28.809999465942383,28.940000534057617,4789,RUSHIL,2025-09
2025-09-03 04:05:00+00:00,28.86000061035156,28.86000061035156,28.88999938964844,28.790000915527344,28.86000061035156,15950,RUSHIL,2025-09
2025-09-03 04:10:00+00:00,28.71999931335449,28.71999931335449,28.850000381469727,28.61000061035156,28.850000381469727,52555,RUSHIL,2025-09
2025-09-03 04:15:00+00:00,28.520000457763672,28.520000457763672,28.71999931335449,28.520000457763672,28.670000076293945,10323,RUSHIL,2025-09
2025-09-03 04:20:00+00:00,28.600000381469727,28.600000381469727,28.63999938964844,28.56999969482422,28.600000381469727,2014,RUSHIL,2025-09
2025-09-03 04:25:00+00:00,28.63999938964844,28.63999938964844,28.670000076293945,28.549999237060547,28.549999237060547,26935,RUSHIL,2025-09
2025-09-03 04:30:00+00:00,28.459999084472656,28.459999084472656,28.63999938964844,28.36000061035156,28.63999938964844,42592,RUSHIL,2025-09
2025-09-03 04:35:00+00:00,28.450000762939453,28.450000762939453,28.68000030517578,28.3799991607666,28.40999984741211,109308,RUSHIL,2025-09
2025-09-03 04:40:00+00:00,28.440000534057617,28.440000534057617,28.540000915527344,28.399999618530277,28.450000762939453,28676,RUSHIL,2025-09
2025-09-03 04:45:00+00:00,28.450000762939453,28.450000762939453,28.56999969482422,28.3799991607666,28.56999969482422,36675,RUSHIL,2025-09
2025-09-03 04:50:00+00:00,28.399999618530277,28.399999618530277,28.450000762939453,28.200000762939453,28.40999984741211,11325,RUSHIL,2025-09
2025-09-03 04:55:00+00:00,28.5,28.5,28.530000686645508,28.399999618530277,28.420000076293945,19803,RUSHIL,2025-09
2025-09-03 05:00:00+00:00,28.38999938964844,28.38999938964844,28.51000022888184,28.38999938964844,28.51000022888184,20954,RUSHIL,2025-09
2025-09-03 05:05:00+00:00,28.34000015258789,28.34000015258789,28.420000076293945,28.239999771118164,28.420000076293945,3405,RUSHIL,2025-09
2025-09-03 05:10:00+00:00,28.299999237060547,28.299999237060547,28.36000061035156,28.200000762939453,28.36000061035156,14746,RUSHIL,2025-09
2025-09-03 05:15:00+00:00,28.26000022888184,28.26000022888184,28.270000457763672,28.209999084472656,28.26000022888184,15543,RUSHIL,2025-09
2025-09-03 05:20:00+00:00,28.170000076293945,28.170000076293945,28.309999465942383,28.1200008392334,28.270000457763672,9598,RUSHIL,2025-09
2025-09-03 05:25:00+00:00,28.149999618530277,28.149999618530277,28.239999771118164,28.049999237060547,28.229999542236328,24214,RUSHIL,2025-09
2025-09-03 05:30:00+00:00,28.270000457763672,28.270000457763672,28.270000457763672,28.15999984741211,28.15999984741211,4834,RUSHIL,2025-09
2025-09-03 05:35:00+00:00,28.40999984741211,28.40999984741211,28.40999984741211,28.26000022888184,28.32999992370605,6910,RUSHIL,2025-09
2025-09-03 05:40:00+00:00,28.3700008392334,28.3700008392334,28.3799991607666,28.31999969482422,28.31999969482422,646,RUSHIL,2025-09
2025-09-03 05:45:00+00:00,28.350000381469727,28.350000381469727,28.399999618530277,28.350000381469727,28.350000381469727,5086,RUSHIL,2025-09
2025-09-03 05:50:00+00:00,28.350000381469727,28.350000381469727,28.440000534057617,28.350000381469727,28.350000381469727,1969,RUSHIL,2025-09
2025-09-03 05:55:00+00:00,28.399999618530277,28.399999618530277,28.5,28.3700008392334,28.40999984741211,14767,RUSHIL,2025-09
2025-09-03 06:00:00+00:00,28.56999969482422,28.56999969482422,28.57999992370605,28.399999618530277,28.399999618530277,12323,RUSHIL,2025-09
2025-09-03 06:05:00+00:00,28.549999237060547,28.549999237060547,28.549999237060547,28.489999771118164,28.549999237060547,810,RUSHIL,2025-09
2025-09-03 06:10:00+00:00,28.739999771118164,28.739999771118164,28.75,28.549999237060547,28.549999237060547,27499,RUSHIL,2025-09
2025-09-03 06:15:00+00:00,28.530000686645508,28.530000686645508,28.71999931335449,28.520000457763672,28.71999931335449,17450,RUSHIL,2025-09
2025-09-03 06:20:00+00:00,28.56999969482422,28.56999969482422,28.57999992370605,28.56999969482422,28.57999992370605,243,RUSHIL,2025-09
2025-09-03 06:25:00+00:00,28.56999969482422,28.56999969482422,28.65999984741211,28.520000457763672,28.65999984741211,11480,RUSHIL,2025-09
2025-09-03 06:30:00+00:00,28.459999084472656,28.459999084472656,28.549999237060547,28.459999084472656,28.549999237060547,7361,RUSHIL,2025-09
2025-09-03 06:35:00+00:00,28.350000381469727,28.350000381469727,28.459999084472656,28.34000015258789,28.459999084472656,7714,RUSHIL,2025-09
2025-09-03 06:40:00+00:00,28.31999969482422,28.31999969482422,28.59000015258789,28.25,28.31999969482422,35579,RUSHIL,2025-09
2025-09-03 06:45:00+00:00,28.38999938964844,28.38999938964844,28.46999931335449,28.25,28.46999931335449,12796,RUSHIL,2025-09
2025-09-03 06:50:00+00:00,28.38999938964844,28.38999938964844,28.440000534057617,28.309999465942383,28.440000534057617,1291,RUSHIL,2025-09
2025-09-03 06:55:00+00:00,28.3700008392334,28.3700008392334,28.450000762939453,28.3700008392334,28.399999618530277,3568,RUSHIL,2025-09
2025-09-03 07:00:00+00:00,28.350000381469727,28.350000381469727,28.420000076293945,28.32999992370605,28.420000076293945,792,RUSHIL,2025-09
2025-09-03 07:05:00+00:00,28.3700008392334,28.3700008392334,28.489999771118164,28.350000381469727,28.350000381469727,7346,RUSHIL,2025-09
2025-09-03 07:10:00+00:00,28.459999084472656,28.459999084472656,28.489999771118164,28.3700008392334,28.3700008392334,1806,RUSHIL,2025-09
2025-09-03 07:15:00+00:00,28.31999969482422,28.31999969482422,28.440000534057617,28.309999465942383,28.40999984741211,14394,RUSHIL,2025-09
2025-09-03 07:20:00+00:00,28.31999969482422,28.31999969482422,28.31999969482422,28.31999969482422,28.31999969482422,1135,RUSHIL,2025-09
2025-09-03 07:25:00+00:00,28.299999237060547,28.299999237060547,28.31999969482422,28.299999237060547,28.309999465942383,917,RUSHIL,2025-09
2025-09-03 07:30:00+00:00,28.34000015258789,28.34000015258789,28.36000061035156,28.25,28.299999237060547,13740,RUSHIL,2025-09
2025-09-03 07:35:00+00:00,28.420000076293945,28.420000076293945,28.420000076293945,28.34000015258789,28.3700008392334,11020,RUSHIL,2025-09
2025-09-03 07:40:00+00:00,28.440000534057617,28.440000534057617,28.520000457763672,28.40999984741211,28.520000457763672,4048,RUSHIL,2025-09
2025-09-03 07:45:00+00:00,28.38999938964844,28.38999938964844,28.440000534057617,28.38999938964844,28.440000534057617,460,RUSHIL,2025-09
2025-09-03 07:50:00+00:00,28.32999992370605,28.32999992370605,28.3799991607666,28.309999465942383,28.3799991607666,4024,RUSHIL,2025-09
2025-09-03 07:55:00+00:00,28.299999237060547,28.299999237060547,28.36000061035156,28.290000915527344,28.309999465942383,203,RUSHIL,2025-09
2025-09-03 08:00:00+00:00,28.32999992370605,28.32999992370605,28.32999992370605,28.209999084472656,28.209999084472656,15688,RUSHIL,2025-09
2025-09-03 08:05:00+00:00,28.25,28.25,28.34000015258789,28.209999084472656,28.34000015258789,11347,RUSHIL,2025-09
2025-09-03 08:10:00+00:00,28.31999969482422,28.31999969482422,28.31999969482422,28.26000022888184,28.26000022888184,4924,RUSHIL,2025-09
2025-09-03 08:15:00+00:00,28.309999465942383,28.309999465942383,28.31999969482422,28.299999237060547,28.31999969482422,1649,RUSHIL,2025-09
2025-09-03 08:20:00+00:00,28.229999542236328,28.229999542236328,28.299999237060547,28.170000076293945,28.170000076293945,14700,RUSHIL,2025-09
2025-09-03 08:25:00+00:00,28.290000915527344,28.290000915527344,28.290000915527344,28.170000076293945,28.18000030517578,7709,RUSHIL,2025-09
2025-09-03 08:30:00+00:00,28.290000915527344,28.290000915527344,28.290000915527344,28.280000686645508,28.290000915527344,239,RUSHIL,2025-09
2025-09-03 08:35:00+00:00,28.31999969482422,28.31999969482422,28.31999969482422,28.15999984741211,28.15999984741211,8243,RUSHIL,2025-09
2025-09-03 08:40:00+00:00,28.3799991607666,28.3799991607666,28.479999542236328,28.280000686645508,28.399999618530277,20336,RUSHIL,2025-09
2025-09-03 08:45:00+00:00,28.420000076293945,28.420000076293945,28.450000762939453,28.26000022888184,28.40999984741211,11186,RUSHIL,2025-09
2025-09-03 08:50:00+00:00,28.350000381469727,28.350000381469727,28.3700008392334,28.350000381469727,28.3700008392334,5558,RUSHIL,2025-09
2025-09-03 08:55:00+00:00,28.34000015258789,28.34000015258789,28.399999618530277,28.26000022888184,28.399999618530277,5045,RUSHIL,2025-09
2025-09-03 09:00:00+00:00,28.34000015258789,28.34000015258789,28.40999984741211,28.32999992370605,28.34000015258789,2191,RUSHIL,2025-09
2025-09-03 09:05:00+00:00,28.36000061035156,28.36000061035156,28.36000061035156,28.26000022888184,28.26000022888184,2450,RUSHIL,2025-09
2025-09-03 09:10:00+00:00,28.239999771118164,28.239999771118164,28.25,28.149999618530277,28.229999542236328,10471,RUSHIL,2025-09
2025-09-03 09:15:00+00:00,28.15999984741211,28.15999984741211,28.239999771118164,28.149999618530277,28.239999771118164,6919,RUSHIL,2025-09
2025-09-03 09:20:00+00:00,28.149999618530277,28.149999618530277,28.239999771118164,28.1299991607666,28.149999618530277,6617,RUSHIL,2025-09
2025-09-03 09:25:00+00:00,28.209999084472656,28.209999084472656,28.21999931335449,28.1299991607666,28.21999931335449,21086,RUSHIL,2025-09
2025-09-03 09:30:00+00:00,28.149999618530277,28.149999618530277,28.21999931335449,28.1200008392334,28.170000076293945,2225,RUSHIL,2025-09
2025-09-03 09:35:00+00:00,27.690000534057617,27.690000534057617,28.200000762939453,27.68000030517578,28.1200008392334,51231,RUSHIL,2025-09
2025-09-03 09:40:00+00:00,27.75,27.75,27.76000022888184,27.6200008392334,27.700000762939453,22667,RUSHIL,2025-09
2025-09-03 09:45:00+00:00,27.32999992370605,27.32999992370605,27.75,27.209999084472656,27.75,82554,RUSHIL,2025-09
2025-09-03 09:50:00+00:00,27.149999618530277,27.149999618530277,27.479999542236328,27.059999465942383,27.399999618530277,115769,RUSHIL,2025-09
2025-09-03 09:55:00+00:00,27.43000030517578,27.43000030517578,27.440000534057617,27.149999618530277,27.149999618530277,38659,RUSHIL,2025-09
2025-09-04 03:45:00+00:00,27.63999938964844,27.63999938964844,27.920000076293945,27.56999969482422,27.57999992370605,61196,RUSHIL,2025-09
2025-09-04 03:50:00+00:00,27.600000381469727,27.600000381469727,27.76000022888184,27.559999465942383,27.709999084472656,14903,RUSHIL,2025-09
2025-09-04 03:55:00+00:00,27.600000381469727,27.600000381469727,27.82999992370605,27.549999237060547,27.549999237060547,21594,RUSHIL,2025-09
2025-09-04 04:00:00+00:00,27.600000381469727,27.600000381469727,27.700000762939453,27.530000686645508,27.57999992370605,7258,RUSHIL,2025-09
2025-09-04 04:05:00+00:00,27.32999992370605,27.32999992370605,27.559999465942383,27.32999992370605,27.540000915527344,19068,RUSHIL,2025-09
2025-09-04 04:10:00+00:00,27.420000076293945,27.420000076293945,27.459999084472656,27.32999992370605,27.399999618530277,97667,RUSHIL,2025-09
2025-09-04 04:15:00+00:00,27.540000915527344,27.540000915527344,27.600000381469727,27.40999984741211,27.40999984741211,19582,RUSHIL,2025-09
2025-09-04 04:20:00+00:00,27.489999771118164,27.489999771118164,27.5,27.420000076293945,27.5,1582,RUSHIL,2025-09
2025-09-04 04:25:00+00:00,27.459999084472656,27.459999084472656,27.489999771118164,27.40999984741211,27.479999542236328,1181,RUSHIL,2025-09
2025-09-04 04:30:00+00:00,27.520000457763672,27.520000457763672,27.59000015258789,27.40999984741211,27.450000762939453,7126,RUSHIL,2025-09
2025-09-04 04:35:00+00:00,27.520000457763672,27.520000457763672,27.649999618530277,27.43000030517578,27.5,26395,RUSHIL,2025-09
2025-09-04 04:40:00+00:00,27.36000061035156,27.36000061035156,27.799999237060547,27.229999542236328,27.6299991607666,186235,RUSHIL,2025-09
2025-09-04 04:45:00+00:00,27.40999984741211,27.40999984741211,27.46999931335449,27.299999237060547,27.350000381469727,9781,RUSHIL,2025-09
2025-09-04 04:50:00+00:00,27.36000061035156,27.36000061035156,27.450000762939453,27.32999992370605,27.40999984741211,11828,RUSHIL,2025-09
2025-09-04 04:55:00+00:00,27.399999618530277,27.399999618530277,27.5,27.26000022888184,27.34000015258789,12701,RUSHIL,2025-09
2025-09-04 05:00:00+00:00,27.3799991607666,27.3799991607666,27.399999618530277,27.280000686645508,27.38999938964844,1749,RUSHIL,2025-09
2025-09-04 05:05:00+00:00,27.36000061035156,27.36000061035156,27.399999618530277,27.21999931335449,27.21999931335449,9457,RUSHIL,2025-09
2025-09-04 05:10:00+00:00,27.34000015258789,27.34000015258789,27.399999618530277,27.270000457763672,27.32999992370605,4755,RUSHIL,2025-09
2025-09-04 05:15:00+00:00,27.309999465942383,27.309999465942383,27.350000381469727,27.309999465942383,27.350000381469727,2870,RUSHIL,2025-09
2025-09-04 05:20:00+00:00,27.399999618530277,27.399999618530277,27.420000076293945,27.32999992370605,27.399999618530277,1917,RUSHIL,2025-09
2025-09-04 05:25:00+00:00,27.399999618530277,27.399999618530277,27.399999618530277,27.32999992370605,27.399999618530277,119,RUSHIL,2025-09
2025-09-04 05:30:00+00:00,27.36000061035156,27.36000061035156,27.399999618530277,27.299999237060547,27.399999618530277,16705,RUSHIL,2025-09
2025-09-04 05:35:00+00:00,27.31999969482422,27.31999969482422,27.36000061035156,27.299999237060547,27.36000061035156,3992,RUSHIL,2025-09
2025-09-04 05:40:00+00:00,27.21999931335449,27.21999931335449,27.350000381469727,27.21999931335449,27.350000381469727,1597,RUSHIL,2025-09
2025-09-04 05:45:00+00:00,27.350000381469727,27.350000381469727,27.350000381469727,27.270000457763672,27.270000457763672,995,RUSHIL,2025-09
2025-09-04 05:50:00+00:00,27.26000022888184,27.26000022888184,27.31999969482422,27.26000022888184,27.31999969482422,0,RUSHIL,2025-09
2025-09-04 05:55:00+00:00,27.290000915527344,27.290000915527344,27.31999969482422,27.21999931335449,27.31999969482422,2147,RUSHIL,2025-09
2025-09-04 06:00:00+00:00,27.299999237060547,27.299999237060547,27.299999237060547,27.290000915527344,27.290000915527344,115,RUSHIL,2025-09
2025-09-04 06:05:00+00:00,27.15999984741211,27.15999984741211,27.25,27.15999984741211,27.25,20687,RUSHIL,2025-09
2025-09-04 06:10:00+00:00,27.170000076293945,27.170000076293945,27.170000076293945,27.170000076293945,27.170000076293945,6505,RUSHIL,2025-09
2025-09-04 06:15:00+00:00,27.200000762939453,27.200000762939453,27.25,27.1200008392334,27.1200008392334,1391,RUSHIL,2025-09
2025-09-04 06:20:00+00:00,27.25,27.25,27.25,27.239999771118164,27.239999771118164,1841,RUSHIL,2025-09
2025-09-04 06:25:00+00:00,27.209999084472656,27.209999084472656,27.280000686645508,27.209999084472656,27.25,1587,RUSHIL,2025-09
2025-09-04 06:30:00+00:00,27.21999931335449,27.21999931335449,27.21999931335449,27.209999084472656,27.21999931335449,349,RUSHIL,2025-09
2025-09-04 06:35:00+00:00,27.25,27.25,27.25,27.21999931335449,27.21999931335449,5513,RUSHIL,2025-09
2025-09-04 06:40:00+00:00,27.25,27.25,27.270000457763672,27.25,27.25,1019,RUSHIL,2025-09
2025-09-04 06:45:00+00:00,27.25,27.25,27.25,27.25,27.25,19585,RUSHIL,2025-09
2025-09-04 06:50:00+00:00,27.239999771118164,27.239999771118164,27.239999771118164,27.200000762939453,27.209999084472656,0,RUSHIL,2025-09
2025-09-04 06:55:00+00:00,27.170000076293945,27.170000076293945,27.25,27.170000076293945,27.209999084472656,439,RUSHIL,2025-09
2025-09-04 07:00:00+00:00,27.200000762939453,27.200000762939453,27.200000762939453,27.170000076293945,27.170000076293945,522,RUSHIL,2025-09
2025-09-04 07:05:00+00:00,27.200000762939453,27.200000762939453,27.200000762939453,27.170000076293945,27.200000762939453,499,RUSHIL,2025-09
2025-09-04 07:10:00+00:00,27.170000076293945,27.170000076293945,27.200000762939453,27.149999618530277,27.200000762939453,3562,RUSHIL,2025-09
2025-09-04 07:15:00+00:00,27.170000076293945,27.170000076293945,27.170000076293945,27.1299991607666,27.170000076293945,304,RUSHIL,2025-09
2025-09-04 07:20:00+00:00,27.13999938964844,27.13999938964844,27.170000076293945,27.059999465942383,27.170000076293945,6321,RUSHIL,2025-09
2025-09-04 07:30:00+00:00,27.149999618530277,27.149999618530277,27.170000076293945,27.149999618530277,27.149999618530277,636,RUSHIL,2025-09
2025-09-04 07:40:00+00:00,27.190000534057617,27.190000534057617,27.200000762939453,27.170000076293945,27.170000076293945,1249,RUSHIL,2025-09
2025-09-04 07:45:00+00:00,27.200000762939453,27.200000762939453,27.200000762939453,27.200000762939453,27.200000762939453,538,RUSHIL,2025-09
2025-09-04 07:50:00+00:00,27.06999969482422,27.06999969482422,27.190000534057617,27.06999969482422,27.1200008392334,1768,RUSHIL,2025-09
2025-09-04 07:55:00+00:00,27.1299991607666,27.1299991607666,27.1299991607666,27.06999969482422,27.06999969482422,133,RUSHIL,2025-09
2025-09-04 08:00:00+00:00,27.15999984741211,27.15999984741211,27.170000076293945,27.1200008392334,27.1299991607666,1002,RUSHIL,2025-09
2025-09-04 08:05:00+00:00,27.18000030517578,27.18000030517578,27.18000030517578,27.059999465942383,27.15999984741211,1982,RUSHIL,2025-09
2025-09-04 08:10:00+00:00,27.09000015258789,27.09000015258789,27.170000076293945,27.07999992370605,27.09000015258789,2290,RUSHIL,2025-09
2025-09-04 08:15:00+00:00,27.11000061035156,27.11000061035156,27.18000030517578,27.09000015258789,27.09000015258789,5471,RUSHIL,2025-09
2025-09-04 08:20:00+00:00,27.209999084472656,27.209999084472656,27.239999771118164,27.209999084472656,27.239999771118164,4002,RUSHIL,2025-09
2025-09-04 08:25:00+00:00,27.020000457763672,27.020000457763672,27.299999237060547,27.020000457763672,27.15999984741211,26050,RUSHIL,2025-09
2025-09-04 08:30:00+00:00,27.149999618530277,27.149999618530277,27.21999931335449,27.13999938964844,27.21999931335449,314,RUSHIL,2025-09
2025-09-04 08:35:00+00:00,27.190000534057617,27.190000534057617,27.200000762939453,27.190000534057617,27.200000762939453,23,RUSHIL,2025-09
2025-09-04 08:40:00+00:00,27.18000030517578,27.18000030517578,27.18000030517578,27.149999618530277,27.149999618530277,2001,RUSHIL,2025-09
2025-09-04 08:45:00+00:00,27.13999938964844,27.13999938964844,27.13999938964844,27.0,27.0,6880,RUSHIL,2025-09
2025-09-04 08:50:00+00:00,27.0,27.0,27.1299991607666,27.0,27.11000061035156,6701,RUSHIL,2025-09
2025-09-04 08:55:00+00:00,27.049999237060547,27.049999237060547,27.09000015258789,27.01000022888184,27.01000022888184,2548,RUSHIL,2025-09
2025-09-04 09:00:00+00:00,27.07999992370605,27.07999992370605,27.07999992370605,27.07999992370605,27.07999992370605,0,RUSHIL,2025-09
2025-09-04 09:05:00+00:00,26.96999931335449,26.96999931335449,27.049999237060547,26.93000030517578,27.01000022888184,3134,RUSHIL,2025-09
2025-09-04 09:10:00+00:00,26.690000534057617,26.690000534057617,26.989999771118164,26.61000061035156,26.989999771118164,10794,RUSHIL,2025-09
2025-09-04 09:15:00+00:00,26.690000534057617,26.690000534057617,26.709999084472656,26.56999969482422,26.709999084472656,14118,RUSHIL,2025-09
2025-09-04 09:20:00+00:00,26.3799991607666,26.3799991607666,26.709999084472656,26.3799991607666,26.559999465942383,47597,RUSHIL,2025-09
2025-09-04 09:25:00+00:00,26.540000915527344,26.540000915527344,26.57999992370605,26.530000686645508,26.540000915527344,3886,RUSHIL,2025-09
2025-09-04 09:30:00+00:00,26.5,26.5,26.600000381469727,26.5,26.540000915527344,9863,RUSHIL,2025-09
2025-09-04 09:35:00+00:00,26.489999771118164,26.489999771118164,26.489999771118164,26.3700008392334,26.3700008392334,4737,RUSHIL,2025-09
2025-09-04 09:40:00+00:00,26.26000022888184,26.26000022888184,26.489999771118164,25.950000762939453,26.450000762939453,130394,RUSHIL,2025-09
2025-09-04 09:45:00+00:00,26.020000457763672,26.020000457763672,26.170000076293945,25.8799991607666,26.170000076293945,63053,RUSHIL,2025-09
2025-09-04 09:50:00+00:00,26.25,26.25,26.280000686645508,25.940000534057617,26.049999237060547,76736,RUSHIL,2025-09
2025-09-04 09:55:00+00:00,26.18000030517578,26.18000030517578,27.0,26.18000030517578,26.25,0,RUSHIL,2025-09
2025-09-05 03:45:00+00:00,27.350000381469727,27.350000381469727,27.450000762939453,26.8799991607666,26.88999938964844,64052,RUSHIL,2025-09
2025-09-05 03:50:00+00:00,26.899999618530277,26.899999618530277,27.36000061035156,26.76000022888184,27.31999969482422,61958,RUSHIL,2025-09
2025-09-05 03:55:00+00:00,27.18000030517578,27.18000030517578,27.200000762939453,26.950000762939453,26.950000762939453,11108,RUSHIL,2025-09
2025-09-05 04:00:00+00:00,27.200000762939453,27.200000762939453,27.3799991607666,27.13999938964844,27.13999938964844,32014,RUSHIL,2025-09
2025-09-05 04:05:00+00:00,27.1299991607666,27.1299991607666,27.229999542236328,27.040000915527344,27.200000762939453,10312,RUSHIL,2025-09
2025-09-05 04:10:00+00:00,26.88999938964844,26.88999938964844,27.1299991607666,26.76000022888184,27.1299991607666,48249,RUSHIL,2025-09
2025-09-05 04:15:00+00:00,27.020000457763672,27.020000457763672,27.1200008392334,26.86000061035156,26.8700008392334,13355,RUSHIL,2025-09
2025-09-05 04:20:00+00:00,27.020000457763672,27.020000457763672,27.229999542236328,26.950000762939453,26.950000762939453,20686,RUSHIL,2025-09
2025-09-05 04:25:00+00:00,27.030000686645508,27.030000686645508,27.09000015258789,27.020000457763672,27.049999237060547,1814,RUSHIL,2025-09
2025-09-05 04:30:00+00:00,27.030000686645508,27.030000686645508,27.170000076293945,27.030000686645508,27.059999465942383,9932,RUSHIL,2025-09
2025-09-05 04:35:00+00:00,26.950000762939453,26.950000762939453,27.030000686645508,26.950000762939453,27.030000686645508,1976,RUSHIL,2025-09
2025-09-05 04:40:00+00:00,26.799999237060547,26.799999237060547,26.989999771118164,26.700000762939453,26.989999771118164,23754,RUSHIL,2025-09
2025-09-05 04:45:00+00:00,26.809999465942383,26.809999465942383,26.86000061035156,26.75,26.75,4343,RUSHIL,2025-09
2025-09-05 04:50:00+00:00,26.82999992370605,26.82999992370605,26.82999992370605,26.75,26.799999237060547,5162,RUSHIL,2025-09
2025-09-05 04:55:00+00:00,27.0,27.0,27.040000915527344,26.81999969482422,26.81999969482422,10388,RUSHIL,2025-09
2025-09-05 05:00:00+00:00,26.950000762939453,26.950000762939453,26.989999771118164,26.920000076293945,26.989999771118164,1811,RUSHIL,2025-09
2025-09-05 05:05:00+00:00,26.86000061035156,26.86000061035156,26.950000762939453,26.850000381469727,26.920000076293945,1461,RUSHIL,2025-09
2025-09-05 05:10:00+00:00,26.82999992370605,26.82999992370605,26.90999984741211,26.81999969482422,26.81999969482422,1339,RUSHIL,2025-09
2025-09-05 05:15:00+00:00,26.920000076293945,26.920000076293945,26.920000076293945,26.81999969482422,26.86000061035156,6205,RUSHIL,2025-09
2025-09-05 05:20:00+00:00,26.86000061035156,26.86000061035156,26.950000762939453,26.86000061035156,26.920000076293945,2562,RUSHIL,2025-09
2025-09-05 05:25:00+00:00,26.959999084472656,26.959999084472656,26.959999084472656,26.86000061035156,26.86000061035156,959,RUSHIL,2025-09
2025-09-05 05:30:00+00:00,26.899999618530277,26.899999618530277,26.93000030517578,26.899999618530277,26.93000030517578,140,RUSHIL,2025-09
2025-09-05 05:35:00+00:00,26.81999969482422,26.81999969482422,26.950000762939453,26.81999969482422,26.90999984741211,4967,RUSHIL,2025-09
2025-09-05 05:40:00+00:00,26.850000381469727,26.850000381469727,26.850000381469727,26.81999969482422,26.81999969482422,4065,RUSHIL,2025-09
2025-09-05 05:45:00+00:00,26.850000381469727,26.850000381469727,26.850000381469727,26.81999969482422,26.81999969482422,3188,RUSHIL,2025-09
2025-09-05 05:50:00+00:00,26.8700008392334,26.8700008392334,26.8700008392334,26.81999969482422,26.81999969482422,113,RUSHIL,2025-09
2025-09-05 05:55:00+00:00,26.81999969482422,26.81999969482422,26.81999969482422,26.81999969482422,26.81999969482422,2027,RUSHIL,2025-09
2025-09-05 06:00:00+00:00,26.81999969482422,26.81999969482422,26.81999969482422,26.81999969482422,26.81999969482422,525,RUSHIL,2025-09
2025-09-05 06:05:00+00:00,26.81999969482422,26.81999969482422,26.81999969482422,26.81999969482422,26.81999969482422,1751,RUSHIL,2025-09
2025-09-05 06:10:00+00:00,26.75,26.75,26.88999938964844,26.75,26.82999992370605,12213,RUSHIL,2025-09
2025-09-05 06:15:00+00:00,26.86000061035156,26.86000061035156,26.899999618530277,26.84000015258789,26.84000015258789,877,RUSHIL,2025-09
2025-09-05 06:20:00+00:00,26.86000061035156,26.86000061035156,26.88999938964844,26.799999237060547,26.850000381469727,1500,RUSHIL,2025-09
2025-09-05 06:25:00+00:00,26.899999618530277,26.899999618530277,26.899999618530277,26.76000022888184,26.799999237060547,10146,RUSHIL,2025-09
2025-09-05 06:30:00+00:00,26.780000686645508,26.780000686645508,26.82999992370605,26.770000457763672,26.809999465942383,928,RUSHIL,2025-09
2025-09-05 06:35:00+00:00,26.780000686645508,26.780000686645508,26.850000381469727,26.780000686645508,26.850000381469727,325,RUSHIL,2025-09
2025-09-05 06:40:00+00:00,26.81999969482422,26.81999969482422,26.86000061035156,26.81999969482422,26.81999969482422,9421,RUSHIL,2025-09
2025-09-05 06:45:00+00:00,27.01000022888184,27.01000022888184,27.01000022888184,26.81999969482422,26.81999969482422,13009,RUSHIL,2025-09
2025-09-05 06:50:00+00:00,27.200000762939453,27.200000762939453,27.239999771118164,27.07999992370605,27.07999992370605,24464,RUSHIL,2025-09
2025-09-05 06:55:00+00:00,27.190000534057617,27.190000534057617,27.25,27.11000061035156,27.149999618530277,14254,RUSHIL,2025-09
2025-09-05 07:00:00+00:00,27.01000022888184,27.01000022888184,27.190000534057617,27.01000022888184,27.190000534057617,12434,RUSHIL,2025-09
2025-09-05 07:05:00+00:00,27.020000457763672,27.020000457763672,27.020000457763672,27.020000457763672,27.020000457763672,274,RUSHIL,2025-09
2025-09-05 07:10:00+00:00,27.100000381469727,27.100000381469727,27.190000534057617,27.059999465942383,27.059999465942383,839,RUSHIL,2025-09
2025-09-05 07:15:00+00:00,27.06999969482422,27.06999969482422,27.06999969482422,27.01000022888184,27.01000022888184,2261,RUSHIL,2025-09
2025-09-05 07:20:00+00:00,26.989999771118164,26.989999771118164,27.07999992370605,26.96999931335449,27.06999969482422,2313,RUSHIL,2025-09
2025-09-05 07:25:00+00:00,27.520000457763672,27.520000457763672,27.520000457763672,26.920000076293945,26.989999771118164,52246,RUSHIL,2025-09
2025-09-05 07:30:00+00:00,27.700000762939453,27.700000762939453,28.040000915527344,27.51000022888184,27.51000022888184,120475,RUSHIL,2025-09
2025-09-05 07:35:00+00:00,27.38999938964844,27.38999938964844,27.690000534057617,27.32999992370605,27.690000534057617,68318,RUSHIL,2025-09
2025-09-05 07:40:00+00:00,27.3700008392334,27.3700008392334,27.520000457763672,27.149999618530277,27.40999984741211,47349,RUSHIL,2025-09
2025-09-05 07:45:00+00:00,27.479999542236328,27.479999542236328,27.479999542236328,27.149999618530277,27.25,148626,RUSHIL,2025-09
2025-09-05 07:50:00+00:00,27.229999542236328,27.229999542236328,27.540000915527344,27.21999931335449,27.540000915527344,44672,RUSHIL,2025-09
2025-09-05 07:55:00+00:00,27.350000381469727,27.350000381469727,27.350000381469727,27.190000534057617,27.190000534057617,1636,RUSHIL,2025-09
2025-09-05 08:00:00+00:00,27.350000381469727,27.350000381469727,27.350000381469727,27.280000686645508,27.350000381469727,2321,RUSHIL,2025-09
2025-09-05 08:05:00+00:00,27.40999984741211,27.40999984741211,27.440000534057617,27.309999465942383,27.350000381469727,7271,RUSHIL,2025-09
2025-09-05 08:10:00+00:00,27.440000534057617,27.440000534057617,27.440000534057617,27.31999969482422,27.440000534057617,12950,RUSHIL,2025-09
2025-09-05 08:15:00+00:00,27.32999992370605,27.32999992370605,27.540000915527344,27.309999465942383,27.479999542236328,17794,RUSHIL,2025-09
2025-09-05 08:20:00+00:00,27.459999084472656,27.459999084472656,27.520000457763672,27.459999084472656,27.520000457763672,3360,RUSHIL,2025-09
2025-09-05 08:25:00+00:00,27.440000534057617,27.440000534057617,27.440000534057617,27.32999992370605,27.420000076293945,9901,RUSHIL,2025-09
2025-09-05 08:30:00+00:00,27.239999771118164,27.239999771118164,27.43000030517578,27.149999618530277,27.420000076293945,12612,RUSHIL,2025-09
2025-09-05 08:35:00+00:00,27.26000022888184,27.26000022888184,27.3700008392334,27.239999771118164,27.239999771118164,2762,RUSHIL,2025-09
2025-09-05 08:40:00+00:00,27.34000015258789,27.34000015258789,27.34000015258789,27.26000022888184,27.26000022888184,2829,RUSHIL,2025-09
2025-09-05 08:45:00+00:00,27.299999237060547,27.299999237060547,27.34000015258789,27.280000686645508,27.290000915527344,1586,RUSHIL,2025-09
2025-09-05 08:50:00+00:00,27.36000061035156,27.36000061035156,27.36000061035156,27.350000381469727,27.350000381469727,840,RUSHIL,2025-09
2025-09-05 08:55:00+00:00,27.31999969482422,27.31999969482422,27.36000061035156,27.309999465942383,27.36000061035156,1083,RUSHIL,2025-09
2025-09-05 09:00:00+00:00,27.450000762939453,27.450000762939453,27.540000915527344,27.350000381469727,27.350000381469727,11651,RUSHIL,2025-09
2025-09-05 09:05:00+00:00,27.3799991607666,27.3799991607666,27.479999542236328,27.3799991607666,27.479999542236328,5157,RUSHIL,2025-09
2025-09-05 09:10:00+00:00,27.309999465942383,27.309999465942383,27.479999542236328,27.309999465942383,27.46999931335449,8480,RUSHIL,2025-09
2025-09-05 09:15:00+00:00,27.399999618530277,27.399999618530277,27.440000534057617,27.299999237060547,27.38999938964844,12950,RUSHIL,2025-09
2025-09-05 09:20:00+00:00,27.350000381469727,27.350000381469727,27.40999984741211,27.21999931335449,27.40999984741211,16974,RUSHIL,2025-09
2025-09-05 09:25:00+00:00,27.3700008392334,27.3700008392334,27.420000076293945,27.309999465942383,27.309999465942383,15231,RUSHIL,2025-09
2025-09-05 09:30:00+00:00,27.06999969482422,27.06999969482422,27.34000015258789,27.06999969482422,27.25,15004,RUSHIL,2025-09
2025-09-05 09:35:00+00:00,27.270000457763672,27.270000457763672,27.350000381469727,27.13999938964844,27.200000762939453,100205,RUSHIL,2025-09
2025-09-05 09:40:00+00:00,27.200000762939453,27.200000762939453,27.270000457763672,27.13999938964844,27.270000457763672,21156,RUSHIL,2025-09
2025-09-05 09:45:00+00:00,27.31999969482422,27.31999969482422,27.31999969482422,27.200000762939453,27.229999542236328,16158,RUSHIL,2025-09
2025-09-05 09:50:00+00:00,28.01000022888184,28.01000022888184,28.200000762939453,27.229999542236328,27.229999542236328,263152,RUSHIL,2025-09
2025-09-05 09:55:00+00:00,27.93000030517578,27.93000030517578,28.0,27.51000022888184,28.0,27885,RUSHIL,2025-09
2025-09-08 03:45:00+00:00,27.8700008392334,27.8700008392334,28.200000762939453,27.86000061035156,28.190000534057617,0,RUSHIL,2025-09
2025-09-08 03:50:00+00:00,27.88999938964844,27.88999938964844,27.989999771118164,27.71999931335449,27.989999771118164,89222,RUSHIL,2025-09
2025-09-08 03:55:00+00:00,27.899999618530277,27.899999618530277,27.959999084472656,27.809999465942383,27.950000762939453,5271,RUSHIL,2025-09
2025-09-08 04:00:00+00:00,28.11000061035156,28.11000061035156,28.11000061035156,27.790000915527344,27.8799991607666,8538,RUSHIL,2025-09
2025-09-08 04:05:00+00:00,27.950000762939453,27.950000762939453,28.149999618530277,27.899999618530277,28.13999938964844,14608,RUSHIL,2025-09
2025-09-08 04:10:00+00:00,28.13999938964844,28.13999938964844,28.229999542236328,27.899999618530277,27.90999984741211,28597,RUSHIL,2025-09
2025-09-08 04:15:00+00:00,28.0,28.0,28.170000076293945,27.88999938964844,27.88999938964844,69776,RUSHIL,2025-09
2025-09-08 04:20:00+00:00,27.989999771118164,27.989999771118164,28.0,27.88999938964844,28.0,15572,RUSHIL,2025-09
2025-09-08 04:25:00+00:00,27.920000076293945,27.920000076293945,27.989999771118164,27.920000076293945,27.989999771118164,4471,RUSHIL,2025-09
2025-09-08 04:30:00+00:00,27.86000061035156,27.86000061035156,27.96999931335449,27.770000457763672,27.88999938964844,17402,RUSHIL,2025-09
2025-09-08 04:35:00+00:00,27.950000762939453,27.950000762939453,27.989999771118164,27.809999465942383,27.809999465942383,4355,RUSHIL,2025-09
2025-09-08 04:40:00+00:00,27.899999618530277,27.899999618530277,27.989999771118164,27.88999938964844,27.88999938964844,4563,RUSHIL,2025-09
2025-09-08 04:45:00+00:00,27.950000762939453,27.950000762939453,28.0,27.90999984741211,27.959999084472656,2375,RUSHIL,2025-09
2025-09-08 04:50:00+00:00,27.75,27.75,27.850000381469727,27.75,27.84000015258789,14680,RUSHIL,2025-09
2025-09-08 04:55:00+00:00,27.75,27.75,27.790000915527344,27.649999618530277,27.709999084472656,4731,RUSHIL,2025-09
2025-09-08 05:00:00+00:00,27.68000030517578,27.68000030517578,27.780000686645508,27.68000030517578,27.739999771118164,3405,RUSHIL,2025-09
2025-09-08 05:05:00+00:00,27.700000762939453,27.700000762939453,27.75,27.649999618530277,27.75,5947,RUSHIL,2025-09
2025-09-08 05:10:00+00:00,27.670000076293945,27.670000076293945,27.75,27.670000076293945,27.75,0,RUSHIL,2025-09
2025-09-08 05:15:00+00:00,27.65999984741211,27.65999984741211,27.739999771118164,27.649999618530277,27.670000076293945,3161,RUSHIL,2025-09
2025-09-08 05:20:00+00:00,27.65999984741211,27.65999984741211,27.739999771118164,27.65999984741211,27.65999984741211,551,RUSHIL,2025-09
2025-09-08 05:25:00+00:00,27.6200008392334,27.6200008392334,27.65999984741211,27.549999237060547,27.649999618530277,21588,RUSHIL,2025-09
2025-09-08 05:30:00+00:00,27.540000915527344,27.540000915527344,27.6200008392334,27.540000915527344,27.6200008392334,6274,RUSHIL,2025-09
2025-09-08 05:35:00+00:00,27.71999931335449,27.71999931335449,27.71999931335449,27.649999618530277,27.649999618530277,5716,RUSHIL,2025-09
2025-09-08 05:40:00+00:00,27.649999618530277,27.649999618530277,27.709999084472656,27.649999618530277,27.670000076293945,19540,RUSHIL,2025-09
2025-09-08 05:45:00+00:00,27.739999771118164,27.739999771118164,27.739999771118164,27.649999618530277,27.649999618530277,4207,RUSHIL,2025-09
2025-09-08 05:50:00+00:00,27.729999542236328,27.729999542236328,27.75,27.649999618530277,27.739999771118164,6962,RUSHIL,2025-09
2025-09-08 05:55:00+00:00,27.700000762939453,27.700000762939453,27.75,27.700000762939453,27.729999542236328,1056,RUSHIL,2025-09
2025-09-08 06:00:00+00:00,27.71999931335449,27.71999931335449,27.739999771118164,27.649999618530277,27.729999542236328,2625,RUSHIL,2025-09
2025-09-08 06:05:00+00:00,27.649999618530277,27.649999618530277,27.729999542236328,27.649999618530277,27.729999542236328,3479,RUSHIL,2025-09
2025-09-08 06:10:00+00:00,27.71999931335449,27.71999931335449,27.75,27.649999618530277,27.709999084472656,3342,RUSHIL,2025-09
2025-09-08 06:15:00+00:00,27.71999931335449,27.71999931335449,27.809999465942383,27.71999931335449,27.809999465942383,7997,RUSHIL,2025-09
2025-09-08 06:20:00+00:00,27.75,27.75,27.8799991607666,27.6299991607666,27.729999542236328,16975,RUSHIL,2025-09
2025-09-08 06:25:00+00:00,27.68000030517578,27.68000030517578,27.75,27.670000076293945,27.75,16635,RUSHIL,2025-09
2025-09-08 06:30:00+00:00,27.729999542236328,27.729999542236328,27.729999542236328,27.68000030517578,27.709999084472656,1655,RUSHIL,2025-09
2025-09-08 06:35:00+00:00,27.68000030517578,27.68000030517578,27.68000030517578,27.6299991607666,27.6299991607666,3260,RUSHIL,2025-09
2025-09-08 06:40:00+00:00,27.690000534057617,27.690000534057617,27.75,27.68000030517578,27.68000030517578,1272,RUSHIL,2025-09
2025-09-08 06:45:00+00:00,27.61000061035156,27.61000061035156,27.68000030517578,27.61000061035156,27.68000030517578,681,RUSHIL,2025-09
2025-09-08 06:50:00+00:00,27.6299991607666,27.6299991607666,27.65999984741211,27.61000061035156,27.65999984741211,2703,RUSHIL,2025-09
2025-09-08 06:55:00+00:00,27.559999465942383,27.559999465942383,27.6299991607666,27.559999465942383,27.6299991607666,642,RUSHIL,2025-09
2025-09-08 07:00:00+00:00,27.520000457763672,27.520000457763672,27.6200008392334,27.5,27.6200008392334,8700,RUSHIL,2025-09
2025-09-08 07:05:00+00:00,27.46999931335449,27.46999931335449,27.520000457763672,27.46999931335449,27.520000457763672,1084,RUSHIL,2025-09
2025-09-08 07:10:00+00:00,27.489999771118164,27.489999771118164,27.559999465942383,27.40999984741211,27.40999984741211,3114,RUSHIL,2025-09
2025-09-08 07:15:00+00:00,27.5,27.5,27.5,27.489999771118164,27.489999771118164,231,RUSHIL,2025-09
2025-09-08 07:20:00+00:00,27.420000076293945,27.420000076293945,27.5,27.420000076293945,27.5,119,RUSHIL,2025-09
2025-09-08 07:25:00+00:00,27.34000015258789,27.34000015258789,27.399999618530277,27.200000762939453,27.399999618530277,20977,RUSHIL,2025-09
2025-09-08 07:30:00+00:00,27.32999992370605,27.32999992370605,27.32999992370605,27.21999931335449,27.25,7033,RUSHIL,2025-09
2025-09-08 07:35:00+00:00,27.40999984741211,27.40999984741211,27.440000534057617,27.32999992370605,27.32999992370605,7044,RUSHIL,2025-09
2025-09-08 07:40:00+00:00,27.309999465942383,27.309999465942383,27.420000076293945,27.26000022888184,27.420000076293945,2764,RUSHIL,2025-09
2025-09-08 07:45:00+00:00,27.209999084472656,27.209999084472656,27.34000015258789,27.11000061035156,27.309999465942383,12789,RUSHIL,2025-09
2025-09-08 07:50:00+00:00,27.21999931335449,27.21999931335449,27.239999771118164,27.13999938964844,27.21999931335449,3064,RUSHIL,2025-09
2025-09-08 07:55:00+00:00,27.239999771118164,27.239999771118164,27.239999771118164,27.11000061035156,27.229999542236328,6495,RUSHIL,2025-09
2025-09-08 08:00:00+00:00,26.899999618530277,26.899999618530277,27.1299991607666,26.739999771118164,27.06999969482422,37635,RUSHIL,2025-09
2025-09-08 08:05:00+00:00,26.850000381469727,26.850000381469727,26.989999771118164,26.81999969482422,26.979999542236328,2706,RUSHIL,2025-09
2025-09-08 08:10:00+00:00,26.940000534057617,26.940000534057617,26.950000762939453,26.850000381469727,26.850000381469727,910,RUSHIL,2025-09
2025-09-08 08:15:00+00:00,26.940000534057617,26.940000534057617,26.96999931335449,26.81999969482422,26.81999969482422,5111,RUSHIL,2025-09
2025-09-08 08:20:00+00:00,26.8700008392334,26.8700008392334,26.940000534057617,26.65999984741211,26.940000534057617,23539,RUSHIL,2025-09
2025-09-08 08:25:00+00:00,26.8700008392334,26.8700008392334,26.8799991607666,26.729999542236328,26.8799991607666,5253,RUSHIL,2025-09
2025-09-08 08:30:00+00:00,26.82999992370605,26.82999992370605,26.940000534057617,26.780000686645508,26.82999992370605,2971,RUSHIL,2025-09
2025-09-08 08:35:00+00:00,26.90999984741211,26.90999984741211,26.90999984741211,26.770000457763672,26.770000457763672,17014,RUSHIL,2025-09
2025-09-08 08:40:00+00:00,26.88999938964844,26.88999938964844,26.940000534057617,26.780000686645508,26.8700008392334,7458,RUSHIL,2025-09
2025-09-08 08:45:00+00:00,26.88999938964844,26.88999938964844,26.90999984741211,26.809999465942383,26.8799991607666,1219,RUSHIL,2025-09
2025-09-08 08:50:00+00:00,26.93000030517578,26.93000030517578,26.940000534057617,26.88999938964844,26.920000076293945,3428,RUSHIL,2025-09
2025-09-08 08:55:00+00:00,27.01000022888184,27.01000022888184,27.040000915527344,26.850000381469727,26.93000030517578,39743,RUSHIL,2025-09
2025-09-08 09:00:00+00:00,27.049999237060547,27.049999237060547,27.049999237060547,27.0,27.0,1015,RUSHIL,2025-09
2025-09-08 09:05:00+00:00,26.989999771118164,26.989999771118164,27.049999237060547,26.989999771118164,27.040000915527344,7592,RUSHIL,2025-09
2025-09-08 09:10:00+00:00,26.90999984741211,26.90999984741211,27.0,26.799999237060547,27.0,7645,RUSHIL,2025-09
2025-09-08 09:15:00+00:00,26.96999931335449,26.96999931335449,26.96999931335449,26.8799991607666,26.899999618530277,3712,RUSHIL,2025-09
2025-09-08 09:20:00+00:00,26.93000030517578,26.93000030517578,26.979999542236328,26.8700008392334,26.8700008392334,5400,RUSHIL,2025-09
2025-09-08 09:25:00+00:00,26.979999542236328,26.979999542236328,26.979999542236328,26.93000030517578,26.93000030517578,1480,RUSHIL,2025-09
2025-09-08 09:30:00+00:00,26.850000381469727,26.850000381469727,26.899999618530277,26.780000686645508,26.899999618530277,2907,RUSHIL,2025-09
2025-09-08 09:35:00+00:00,26.8700008392334,26.8700008392334,26.88999938964844,26.780000686645508,26.850000381469727,5446,RUSHIL,2025-09
2025-09-08 09:40:00+00:00,26.75,26.75,26.88999938964844,26.75,26.81999969482422,2307,RUSHIL,2025-09
2025-09-08 09:45:00+00:00,26.86000061035156,26.86000061035156,26.90999984741211,26.75,26.75,18926,RUSHIL,2025-09
2025-09-08 09:50:00+00:00,26.799999237060547,26.799999237060547,26.950000762939453,26.68000030517578,26.920000076293945,21694,RUSHIL,2025-09
2025-09-08 09:55:00+00:00,26.799999237060547,26.799999237060547,26.950000762939453,26.71999931335449,26.75,0,RUSHIL,2025-09
2025-09-09 03:45:00+00:00,27.25,27.25,27.290000915527344,26.799999237060547,27.01000022888184,31263,RUSHIL,2025-09
2025-09-09 03:50:00+00:00,26.8799991607666,26.8799991607666,27.239999771118164,26.8799991607666,27.239999771118164,10218,RUSHIL,2025-09
2025-09-09 03:55:00+00:00,27.11000061035156,27.11000061035156,27.11000061035156,26.899999618530277,26.90999984741211,2848,RUSHIL,2025-09
2025-09-09 04:00:00+00:00,27.030000686645508,27.030000686645508,27.100000381469727,27.030000686645508,27.100000381469727,580,RUSHIL,2025-09
2025-09-09 04:05:00+00:00,27.1200008392334,27.1200008392334,27.32999992370605,27.09000015258789,27.09000015258789,15940,RUSHIL,2025-09
2025-09-09 04:10:00+00:00,27.239999771118164,27.239999771118164,27.239999771118164,27.07999992370605,27.1200008392334,8528,RUSHIL,2025-09
2025-09-09 04:15:00+00:00,27.1299991607666,27.1299991607666,27.229999542236328,27.1200008392334,27.229999542236328,2038,RUSHIL,2025-09
2025-09-09 04:20:00+00:00,27.26000022888184,27.26000022888184,27.3700008392334,27.1299991607666,27.13999938964844,19911,RUSHIL,2025-09
2025-09-09 04:25:00+00:00,27.36000061035156,27.36000061035156,27.399999618530277,27.290000915527344,27.290000915527344,3606,RUSHIL,2025-09
2025-09-09 04:30:00+00:00,27.950000762939453,27.950000762939453,27.950000762939453,27.38999938964844,27.38999938964844,90924,RUSHIL,2025-09
2025-09-09 04:35:00+00:00,28.09000015258789,28.09000015258789,28.149999618530277,27.61000061035156,28.0,53186,RUSHIL,2025-09
2025-09-09 04:40:00+00:00,28.0,28.0,28.09000015258789,27.899999618530277,28.049999237060547,46925,RUSHIL,2025-09
2025-09-09 04:45:00+00:00,27.950000762939453,27.950000762939453,28.09000015258789,27.899999618530277,27.940000534057617,17732,RUSHIL,2025-09
2025-09-09 04:50:00+00:00,27.86000061035156,27.86000061035156,27.979999542236328,27.76000022888184,27.950000762939453,19786,RUSHIL,2025-09
2025-09-09 04:55:00+00:00,27.770000457763672,27.770000457763672,27.920000076293945,27.770000457763672,27.770000457763672,5240,RUSHIL,2025-09
2025-09-09 05:00:00+00:00,27.700000762939453,27.700000762939453,27.790000915527344,27.700000762939453,27.75,12503,RUSHIL,2025-09
2025-09-09 05:05:00+00:00,27.709999084472656,27.709999084472656,27.75,27.649999618530277,27.75,2835,RUSHIL,2025-09
2025-09-09 05:10:00+00:00,27.700000762939453,27.700000762939453,27.700000762939453,27.649999618530277,27.700000762939453,5298,RUSHIL,2025-09
2025-09-09 05:15:00+00:00,27.530000686645508,27.530000686645508,27.690000534057617,27.530000686645508,27.690000534057617,10255,RUSHIL,2025-09
2025-09-09 05:20:00+00:00,27.540000915527344,27.540000915527344,27.61000061035156,27.43000030517578,27.61000061035156,8730,RUSHIL,2025-09
2025-09-09 05:25:00+00:00,27.5,27.5,27.56999969482422,27.489999771118164,27.540000915527344,1344,RUSHIL,2025-09
2025-09-09 05:30:00+00:00,27.540000915527344,27.540000915527344,27.56999969482422,27.38999938964844,27.56999969482422,4958,RUSHIL,2025-09
2025-09-09 05:35:00+00:00,27.61000061035156,27.61000061035156,27.61000061035156,27.46999931335449,27.46999931335449,1556,RUSHIL,2025-09
2025-09-09 05:40:00+00:00,27.68000030517578,27.68000030517578,27.700000762939453,27.61000061035156,27.63999938964844,8280,RUSHIL,2025-09
2025-09-09 05:45:00+00:00,27.61000061035156,27.61000061035156,27.6299991607666,27.61000061035156,27.61000061035156,1229,RUSHIL,2025-09
2025-09-09 05:50:00+00:00,27.6299991607666,27.6299991607666,27.739999771118164,27.6200008392334,27.700000762939453,2683,RUSHIL,2025-09
2025-09-09 05:55:00+00:00,27.68000030517578,27.68000030517578,27.700000762939453,27.6299991607666,27.700000762939453,3820,RUSHIL,2025-09
2025-09-09 06:00:00+00:00,27.559999465942383,27.559999465942383,27.700000762939453,27.559999465942383,27.700000762939453,15615,RUSHIL,2025-09
2025-09-09 06:05:00+00:00,27.600000381469727,27.600000381469727,27.700000762939453,27.520000457763672,27.520000457763672,17662,RUSHIL,2025-09
2025-09-09 06:10:00+00:00,27.59000015258789,27.59000015258789,27.59000015258789,27.530000686645508,27.530000686645508,0,RUSHIL,2025-09
2025-09-09 06:15:00+00:00,27.450000762939453,27.450000762939453,27.59000015258789,27.450000762939453,27.59000015258789,6067,RUSHIL,2025-09
2025-09-09 06:20:00+00:00,27.280000686645508,27.280000686645508,27.479999542236328,27.26000022888184,27.479999542236328,40731,RUSHIL,2025-09
2025-09-09 06:25:00+00:00,27.440000534057617,27.440000534057617,27.440000534057617,27.280000686645508,27.280000686645508,12131,RUSHIL,2025-09
2025-09-09 06:30:00+00:00,27.479999542236328,27.479999542236328,27.479999542236328,27.479999542236328,27.479999542236328,1621,RUSHIL,2025-09
2025-09-09 06:35:00+00:00,27.38999938964844,27.38999938964844,27.38999938964844,27.38999938964844,27.38999938964844,341,RUSHIL,2025-09
2025-09-09 06:40:00+00:00,27.3799991607666,27.3799991607666,27.399999618530277,27.299999237060547,27.399999618530277,5774,RUSHIL,2025-09
2025-09-09 06:45:00+00:00,27.51000022888184,27.51000022888184,27.520000457763672,27.3799991607666,27.3799991607666,8594,RUSHIL,2025-09
2025-09-09 06:50:00+00:00,27.440000534057617,27.440000534057617,27.489999771118164,27.38999938964844,27.38999938964844,501,RUSHIL,2025-09
2025-09-09 06:55:00+00:00,27.600000381469727,27.600000381469727,27.600000381469727,27.440000534057617,27.5,14631,RUSHIL,2025-09
2025-09-09 07:00:00+00:00,27.31999969482422,27.31999969482422,27.549999237060547,27.31999969482422,27.549999237060547,5272,RUSHIL,2025-09
2025-09-09 07:05:00+00:00,27.5,27.5,27.5,27.40999984741211,27.489999771118164,6,RUSHIL,2025-09
2025-09-09 07:10:00+00:00,27.46999931335449,27.46999931335449,27.51000022888184,27.399999618530277,27.51000022888184,592,RUSHIL,2025-09
2025-09-09 07:15:00+00:00,27.43000030517578,27.43000030517578,27.450000762939453,27.420000076293945,27.450000762939453,308,RUSHIL,2025-09
2025-09-09 07:20:00+00:00,27.36000061035156,27.36000061035156,27.489999771118164,27.31999969482422,27.43000030517578,8915,RUSHIL,2025-09
2025-09-09 07:25:00+00:00,27.3799991607666,27.3799991607666,27.57999992370605,27.3799991607666,27.46999931335449,10063,RUSHIL,2025-09
2025-09-09 07:30:00+00:00,27.489999771118164,27.489999771118164,27.489999771118164,27.38999938964844,27.38999938964844,40,RUSHIL,2025-09
2025-09-09 07:35:00+00:00,27.489999771118164,27.489999771118164,27.489999771118164,27.3700008392334,27.3700008392334,935,RUSHIL,2025-09
2025-09-09 07:40:00+00:00,27.479999542236328,27.479999542236328,27.489999771118164,27.479999542236328,27.489999771118164,204,RUSHIL,2025-09
2025-09-09 07:45:00+00:00,27.479999542236328,27.479999542236328,27.51000022888184,27.43000030517578,27.479999542236328,1230,RUSHIL,2025-09
2025-09-09 07:50:00+00:00,27.479999542236328,27.479999542236328,27.479999542236328,27.479999542236328,27.479999542236328,754,RUSHIL,2025-09
2025-09-09 07:55:00+00:00,27.479999542236328,27.479999542236328,27.479999542236328,27.40999984741211,27.479999542236328,0,RUSHIL,2025-09
2025-09-09 08:00:00+00:00,27.43000030517578,27.43000030517578,27.459999084472656,27.40999984741211,27.459999084472656,4024,RUSHIL,2025-09
2025-09-09 08:05:00+00:00,27.420000076293945,27.420000076293945,27.479999542236328,27.420000076293945,27.479999542236328,3792,RUSHIL,2025-09
2025-09-09 08:10:00+00:00,27.350000381469727,27.350000381469727,27.3700008392334,27.350000381469727,27.3700008392334,2236,RUSHIL,2025-09
2025-09-09 08:15:00+00:00,27.450000762939453,27.450000762939453,27.57999992370605,27.350000381469727,27.350000381469727,7194,RUSHIL,2025-09
2025-09-09 08:20:00+00:00,27.36000061035156,27.36000061035156,27.520000457763672,27.36000061035156,27.489999771118164,1590,RUSHIL,2025-09
2025-09-09 08:25:00+00:00,27.350000381469727,27.350000381469727,27.459999084472656,27.32999992370605,27.459999084472656,4801,RUSHIL,2025-09
2025-09-09 08:30:00+00:00,27.309999465942383,27.309999465942383,27.399999618530277,27.299999237060547,27.399999618530277,11028,RUSHIL,2025-09
2025-09-09 08:35:00+00:00,27.3799991607666,27.3799991607666,27.450000762939453,27.3799991607666,27.399999618530277,0,RUSHIL,2025-09
2025-09-09 08:40:00+00:00,27.36000061035156,27.36000061035156,27.489999771118164,27.36000061035156,27.399999618530277,5262,RUSHIL,2025-09
2025-09-09 08:45:00+00:00,27.420000076293945,27.420000076293945,27.420000076293945,27.350000381469727,27.350000381469727,0,RUSHIL,2025-09
2025-09-09 08:50:00+00:00,27.420000076293945,27.420000076293945,27.420000076293945,27.350000381469727,27.350000381469727,2073,RUSHIL,2025-09
2025-09-09 08:55:00+00:00,27.38999938964844,27.38999938964844,27.399999618530277,27.299999237060547,27.399999618530277,1579,RUSHIL,2025-09
2025-09-09 09:00:00+00:00,27.440000534057617,27.440000534057617,27.489999771118164,27.36000061035156,27.40999984741211,8387,RUSHIL,2025-09
2025-09-09 09:05:00+00:00,27.43000030517578,27.43000030517578,27.440000534057617,27.38999938964844,27.440000534057617,1155,RUSHIL,2025-09
2025-09-09 09:10:00+00:00,27.38999938964844,27.38999938964844,27.43000030517578,27.26000022888184,27.420000076293945,5064,RUSHIL,2025-09
2025-09-09 09:15:00+00:00,27.399999618530277,27.399999618530277,27.40999984741211,27.290000915527344,27.40999984741211,899,RUSHIL,2025-09
2025-09-09 09:20:00+00:00,27.440000534057617,27.440000534057617,27.440000534057617,27.309999465942383,27.399999618530277,2886,RUSHIL,2025-09
2025-09-09 09:25:00+00:00,27.420000076293945,27.420000076293945,27.440000534057617,27.26000022888184,27.26000022888184,3136,RUSHIL,2025-09
2025-09-09 09:30:00+00:00,27.31999969482422,27.31999969482422,27.38999938964844,27.299999237060547,27.38999938964844,6782,RUSHIL,2025-09
2025-09-09 09:35:00+00:00,27.3700008392334,27.3700008392334,27.3799991607666,27.31999969482422,27.31999969482422,2759,RUSHIL,2025-09
2025-09-09 09:40:00+00:00,27.31999969482422,27.31999969482422,27.399999618530277,27.299999237060547,27.3700008392334,8473,RUSHIL,2025-09
2025-09-09 09:45:00+00:00,26.940000534057617,26.940000534057617,27.399999618530277,26.63999938964844,27.399999618530277,88599,RUSHIL,2025-09
2025-09-09 09:50:00+00:00,26.799999237060547,26.799999237060547,27.13999938964844,26.63999938964844,26.88999938964844,44983,RUSHIL,2025-09
2025-09-09 09:55:00+00:00,26.96999931335449,26.96999931335449,27.0,26.76000022888184,26.799999237060547,0,RUSHIL,2025-09
2025-09-10 03:45:00+00:00,27.0,27.0,27.25,27.0,27.239999771118164,37085,RUSHIL,2025-09
2025-09-10 03:50:00+00:00,27.07999992370605,27.07999992370605,27.239999771118164,27.040000915527344,27.100000381469727,7738,RUSHIL,2025-09
2025-09-10 03:55:00+00:00,27.170000076293945,27.170000076293945,27.170000076293945,27.0,27.07999992370605,64213,RUSHIL,2025-09
2025-09-10 04:00:00+00:00,27.1200008392334,27.1200008392334,27.209999084472656,27.1200008392334,27.18000030517578,648,RUSHIL,2025-09
2025-09-10 04:05:00+00:00,26.90999984741211,26.90999984741211,27.13999938964844,26.86000061035156,27.13999938964844,55285,RUSHIL,2025-09
2025-09-10 04:10:00+00:00,26.979999542236328,26.979999542236328,27.15999984741211,26.809999465942383,26.96999931335449,13385,RUSHIL,2025-09
2025-09-10 04:15:00+00:00,27.020000457763672,27.020000457763672,27.13999938964844,27.0,27.13999938964844,2245,RUSHIL,2025-09
2025-09-10 04:20:00+00:00,26.75,26.75,27.040000915527344,26.75,27.040000915527344,45689,RUSHIL,2025-09
2025-09-10 04:25:00+00:00,26.84000015258789,26.84000015258789,26.84000015258789,26.700000762939453,26.75,1883,RUSHIL,2025-09
2025-09-10 04:30:00+00:00,26.8700008392334,26.8700008392334,26.899999618530277,26.76000022888184,26.76000022888184,8183,RUSHIL,2025-09
2025-09-10 04:35:00+00:00,26.84000015258789,26.84000015258789,26.940000534057617,26.84000015258789,26.8700008392334,1457,RUSHIL,2025-09
2025-09-10 04:40:00+00:00,26.899999618530277,26.899999618530277,26.899999618530277,26.850000381469727,26.8700008392334,8620,RUSHIL,2025-09
2025-09-10 04:45:00+00:00,26.84000015258789,26.84000015258789,26.88999938964844,26.84000015258789,26.8700008392334,2095,RUSHIL,2025-09
2025-09-10 04:50:00+00:00,26.809999465942383,26.809999465942383,26.81999969482422,26.770000457763672,26.81999969482422,295,RUSHIL,2025-09
2025-09-10 04:55:00+00:00,26.82999992370605,26.82999992370605,26.88999938964844,26.82999992370605,26.82999992370605,3550,RUSHIL,2025-09
2025-09-10 05:00:00+00:00,26.82999992370605,26.82999992370605,26.88999938964844,26.82999992370605,26.88999938964844,1367,RUSHIL,2025-09
2025-09-10 05:05:00+00:00,26.799999237060547,26.799999237060547,26.8799991607666,26.799999237060547,26.799999237060547,158,RUSHIL,2025-09
2025-09-10 05:15:00+00:00,26.76000022888184,26.76000022888184,26.8799991607666,26.76000022888184,26.8799991607666,2100,RUSHIL,2025-09
2025-09-10 05:20:00+00:00,26.700000762939453,26.700000762939453,26.790000915527344,26.559999465942383,26.76000022888184,12768,RUSHIL,2025-09
2025-09-10 05:25:00+00:00,26.75,26.75,26.770000457763672,26.690000534057617,26.690000534057617,475,RUSHIL,2025-09
2025-09-10 05:30:00+00:00,26.75,26.75,26.75,26.709999084472656,26.739999771118164,4663,RUSHIL,2025-09
2025-09-10 05:35:00+00:00,26.75,26.75,26.84000015258789,26.68000030517578,26.82999992370605,11158,RUSHIL,2025-09
2025-09-10 05:40:00+00:00,26.700000762939453,26.700000762939453,26.700000762939453,26.700000762939453,26.700000762939453,325,RUSHIL,2025-09
2025-09-10 05:45:00+00:00,26.700000762939453,26.700000762939453,26.76000022888184,26.700000762939453,26.75,1363,RUSHIL,2025-09
2025-09-10 05:50:00+00:00,26.76000022888184,26.76000022888184,26.76000022888184,26.76000022888184,26.76000022888184,0,RUSHIL,2025-09
2025-09-10 05:55:00+00:00,26.76000022888184,26.76000022888184,26.76000022888184,26.709999084472656,26.76000022888184,170,RUSHIL,2025-09
2025-09-10 06:00:00+00:00,26.780000686645508,26.780000686645508,26.790000915527344,26.75,26.75,464,RUSHIL,2025-09
2025-09-10 06:05:00+00:00,26.729999542236328,26.729999542236328,26.729999542236328,26.729999542236328,26.729999542236328,0,RUSHIL,2025-09
2025-09-10 06:10:00+00:00,26.770000457763672,26.770000457763672,26.790000915527344,26.770000457763672,26.790000915527344,556,RUSHIL,2025-09
2025-09-10 06:15:00+00:00,26.729999542236328,26.729999542236328,26.770000457763672,26.729999542236328,26.770000457763672,100,RUSHIL,2025-09
2025-09-10 06:20:00+00:00,26.780000686645508,26.780000686645508,26.780000686645508,26.71999931335449,26.71999931335449,593,RUSHIL,2025-09
2025-09-10 06:25:00+00:00,26.86000061035156,26.86000061035156,26.86000061035156,26.780000686645508,26.780000686645508,7945,RUSHIL,2025-09
2025-09-10 06:30:00+00:00,26.86000061035156,26.86000061035156,26.86000061035156,26.86000061035156,26.86000061035156,0,RUSHIL,2025-09
2025-09-10 06:35:00+00:00,26.809999465942383,26.809999465942383,26.86000061035156,26.809999465942383,26.86000061035156,284,RUSHIL,2025-09
2025-09-10 06:40:00+00:00,26.8700008392334,26.8700008392334,26.8700008392334,26.799999237060547,26.799999237060547,1751,RUSHIL,2025-09
2025-09-10 06:45:00+00:00,26.780000686645508,26.780000686645508,26.90999984741211,26.75,26.75,5336,RUSHIL,2025-09
2025-09-10 06:50:00+00:00,26.770000457763672,26.770000457763672,26.8700008392334,26.770000457763672,26.8700008392334,458,RUSHIL,2025-09
2025-09-10 06:55:00+00:00,26.770000457763672,26.770000457763672,26.770000457763672,26.770000457763672,26.770000457763672,2091,RUSHIL,2025-09
2025-09-10 07:00:00+00:00,26.770000457763672,26.770000457763672,26.770000457763672,26.770000457763672,26.770000457763672,0,RUSHIL,2025-09
2025-09-10 07:05:00+00:00,26.790000915527344,26.790000915527344,26.88999938964844,26.770000457763672,26.770000457763672,6794,RUSHIL,2025-09
2025-09-10 07:10:00+00:00,26.63999938964844,26.63999938964844,26.84000015258789,26.63999938964844,26.82999992370605,39468,RUSHIL,2025-09
2025-09-10 07:15:00+00:00,26.739999771118164,26.739999771118164,26.780000686645508,26.709999084472656,26.709999084472656,1126,RUSHIL,2025-09
2025-09-10 07:20:00+00:00,26.68000030517578,26.68000030517578,26.71999931335449,26.68000030517578,26.71999931335449,50,RUSHIL,2025-09
2025-09-10 07:25:00+00:00,26.729999542236328,26.729999542236328,26.729999542236328,26.68000030517578,26.729999542236328,351,RUSHIL,2025-09
2025-09-10 07:30:00+00:00,26.709999084472656,26.709999084472656,26.729999542236328,26.709999084472656,26.729999542236328,901,RUSHIL,2025-09
2025-09-10 07:35:00+00:00,26.709999084472656,26.709999084472656,26.709999084472656,26.709999084472656,26.709999084472656,49,RUSHIL,2025-09
2025-09-10 07:40:00+00:00,26.559999465942383,26.559999465942383,26.709999084472656,26.559999465942383,26.709999084472656,6498,RUSHIL,2025-09
2025-09-10 07:45:00+00:00,26.61000061035156,26.61000061035156,26.61000061035156,26.549999237060547,26.61000061035156,2380,RUSHIL,2025-09
2025-09-10 07:50:00+00:00,26.61000061035156,26.61000061035156,26.61000061035156,26.61000061035156,26.61000061035156,334,RUSHIL,2025-09
2025-09-10 07:55:00+00:00,26.729999542236328,26.729999542236328,26.729999542236328,26.729999542236328,26.729999542236328,4821,RUSHIL,2025-09
2025-09-10 08:00:00+00:00,26.6299991607666,26.6299991607666,26.670000076293945,26.6299991607666,26.670000076293945,168,RUSHIL,2025-09
2025-09-10 08:05:00+00:00,26.6299991607666,26.6299991607666,26.6299991607666,26.6299991607666,26.6299991607666,0,RUSHIL,2025-09
2025-09-10 08:10:00+00:00,26.299999237060547,26.299999237060547,26.520000457763672,26.299999237060547,26.5,30425,RUSHIL,2025-09
2025-09-10 08:15:00+00:00,26.479999542236328,26.479999542236328,26.489999771118164,26.399999618530277,26.399999618530277,11904,RUSHIL,2025-09
2025-09-10 08:20:00+00:00,26.520000457763672,26.520000457763672,26.520000457763672,26.489999771118164,26.520000457763672,2853,RUSHIL,2025-09
2025-09-10 08:25:00+00:00,26.450000762939453,26.450000762939453,26.59000015258789,26.3799991607666,26.520000457763672,7757,RUSHIL,2025-09
2025-09-10 08:30:00+00:00,26.51000022888184,26.51000022888184,26.520000457763672,26.51000022888184,26.520000457763672,1251,RUSHIL,2025-09
2025-09-10 08:35:00+00:00,26.38999938964844,26.38999938964844,26.51000022888184,26.25,26.51000022888184,21515,RUSHIL,2025-09
2025-09-10 08:40:00+00:00,26.38999938964844,26.38999938964844,26.43000030517578,26.38999938964844,26.43000030517578,55,RUSHIL,2025-09
2025-09-10 08:45:00+00:00,26.3799991607666,26.3799991607666,26.440000534057617,26.299999237060547,26.399999618530277,9056,RUSHIL,2025-09
2025-09-10 08:50:00+00:00,26.479999542236328,26.479999542236328,26.479999542236328,26.25,26.3799991607666,8947,RUSHIL,2025-09
2025-09-10 08:55:00+00:00,26.299999237060547,26.299999237060547,26.420000076293945,26.299999237060547,26.420000076293945,5315,RUSHIL,2025-09
2025-09-10 09:00:00+00:00,26.40999984741211,26.40999984741211,26.40999984741211,26.299999237060547,26.350000381469727,1964,RUSHIL,2025-09
2025-09-10 09:05:00+00:00,26.450000762939453,26.450000762939453,26.479999542236328,26.420000076293945,26.420000076293945,4334,RUSHIL,2025-09
2025-09-10 09:10:00+00:00,26.450000762939453,26.450000762939453,26.450000762939453,26.450000762939453,26.450000762939453,1049,RUSHIL,2025-09
2025-09-10 09:15:00+00:00,26.40999984741211,26.40999984741211,26.40999984741211,26.34000015258789,26.399999618530277,1962,RUSHIL,2025-09
2025-09-10 09:20:00+00:00,26.40999984741211,26.40999984741211,26.459999084472656,26.40999984741211,26.40999984741211,449,RUSHIL,2025-09
2025-09-10 09:25:00+00:00,26.450000762939453,26.450000762939453,26.450000762939453,26.40999984741211,26.450000762939453,898,RUSHIL,2025-09
2025-09-10 09:30:00+00:00,26.440000534057617,26.440000534057617,26.459999084472656,26.34000015258789,26.459999084472656,4764,RUSHIL,2025-09
2025-09-10 09:35:00+00:00,26.51000022888184,26.51000022888184,26.51000022888184,26.25,26.43000030517578,6542,RUSHIL,2025-09
2025-09-10 09:40:00+00:00,26.56999969482422,26.56999969482422,26.57999992370605,26.26000022888184,26.51000022888184,6340,RUSHIL,2025-09
2025-09-10 09:45:00+00:00,26.5,26.5,26.68000030517578,26.25,26.25,24304,RUSHIL,2025-09
2025-09-10 09:50:00+00:00,26.440000534057617,26.440000534057617,26.61000061035156,26.440000534057617,26.5,6312,RUSHIL,2025-09
2025-09-10 09:55:00+00:00,26.34000015258789,26.34000015258789,26.700000762939453,26.309999465942383,26.450000762939453,14658,RUSHIL,2025-09
2025-09-11 03:45:00+00:00,26.809999465942383,26.809999465942383,26.809999465942383,26.40999984741211,26.57999992370605,0,RUSHIL,2025-09
2025-09-11 03:50:00+00:00,26.700000762939453,26.700000762939453,26.82999992370605,26.670000076293945,26.71999931335449,9780,RUSHIL,2025-09
2025-09-11 03:55:00+00:00,26.88999938964844,26.88999938964844,26.989999771118164,26.739999771118164,26.739999771118164,25146,RUSHIL,2025-09
2025-09-11 04:00:00+00:00,27.149999618530277,27.149999618530277,27.209999084472656,26.649999618530277,26.8700008392334,52314,RUSHIL,2025-09
2025-09-11 04:05:00+00:00,27.75,27.75,28.049999237060547,27.09000015258789,27.1200008392334,89697,RUSHIL,2025-09
2025-09-11 04:10:00+00:00,27.799999237060547,27.799999237060547,27.940000534057617,27.6200008392334,27.75,56077,RUSHIL,2025-09
2025-09-11 04:15:00+00:00,27.5,27.5,27.799999237060547,27.420000076293945,27.799999237060547,31377,RUSHIL,2025-09
2025-09-11 04:20:00+00:00,27.459999084472656,27.459999084472656,27.59000015258789,27.34000015258789,27.5,21257,RUSHIL,2025-09
2025-09-11 04:25:00+00:00,27.559999465942383,27.559999465942383,27.649999618530277,27.46999931335449,27.5,19015,RUSHIL,2025-09
2025-09-11 04:30:00+00:00,27.56999969482422,27.56999969482422,27.790000915527344,27.559999465942383,27.559999465942383,10964,RUSHIL,2025-09
2025-09-11 04:35:00+00:00,27.670000076293945,27.670000076293945,27.8700008392334,27.559999465942383,27.649999618530277,23478,RUSHIL,2025-09
2025-09-11 04:40:00+00:00,27.76000022888184,27.76000022888184,27.809999465942383,27.559999465942383,27.670000076293945,32696,RUSHIL,2025-09
2025-09-11 04:45:00+00:00,27.6200008392334,27.6200008392334,27.790000915527344,27.600000381469727,27.780000686645508,15124,RUSHIL,2025-09
2025-09-11 04:50:00+00:00,27.729999542236328,27.729999542236328,27.84000015258789,27.65999984741211,27.71999931335449,8517,RUSHIL,2025-09
2025-09-11 04:55:00+00:00,27.690000534057617,27.690000534057617,27.75,27.520000457763672,27.75,6599,RUSHIL,2025-09
2025-09-11 05:00:00+00:00,27.57999992370605,27.57999992370605,27.68000030517578,27.57999992370605,27.61000061035156,2580,RUSHIL,2025-09
2025-09-11 05:05:00+00:00,27.65999984741211,27.65999984741211,27.65999984741211,27.57999992370605,27.57999992370605,1946,RUSHIL,2025-09
2025-09-11 05:10:00+00:00,27.63999938964844,27.63999938964844,27.63999938964844,27.57999992370605,27.61000061035156,4208,RUSHIL,2025-09
2025-09-11 05:15:00+00:00,27.690000534057617,27.690000534057617,27.690000534057617,27.540000915527344,27.690000534057617,6466,RUSHIL,2025-09
2025-09-11 05:20:00+00:00,27.61000061035156,27.61000061035156,27.6200008392334,27.56999969482422,27.56999969482422,815,RUSHIL,2025-09
2025-09-11 05:25:00+00:00,27.549999237060547,27.549999237060547,27.600000381469727,27.549999237060547,27.56999969482422,3059,RUSHIL,2025-09
2025-09-11 05:30:00+00:00,27.56999969482422,27.56999969482422,27.56999969482422,27.520000457763672,27.520000457763672,2807,RUSHIL,2025-09
2025-09-11 05:35:00+00:00,27.559999465942383,27.559999465942383,27.71999931335449,27.520000457763672,27.56999969482422,12473,RUSHIL,2025-09
2025-09-11 05:40:00+00:00,27.5,27.5,27.559999465942383,27.5,27.559999465942383,4815,RUSHIL,2025-09
2025-09-11 05:45:00+00:00,27.3700008392334,27.3700008392334,27.549999237060547,27.3700008392334,27.51000022888184,12396,RUSHIL,2025-09
2025-09-11 05:50:00+00:00,27.809999465942383,27.809999465942383,28.07999992370605,27.559999465942383,27.600000381469727,128622,RUSHIL,2025-09
2025-09-11 05:55:00+00:00,28.38999938964844,28.38999938964844,28.38999938964844,27.709999084472656,27.709999084472656,97651,RUSHIL,2025-09
2025-09-11 06:00:00+00:00,29.690000534057617,29.690000534057617,30.149999618530277,28.38999938964844,28.399999618530277,649291,RUSHIL,2025-09
2025-09-11 06:05:00+00:00,30.270000457763672,30.270000457763672,30.799999237060547,29.63999938964844,29.68000030517578,783629,RUSHIL,2025-09
2025-09-11 06:10:00+00:00,30.31999969482422,30.31999969482422,30.84000015258789,30.200000762939453,30.299999237060547,647926,RUSHIL,2025-09
2025-09-11 06:15:00+00:00,30.61000061035156,30.61000061035156,30.799999237060547,30.25,30.489999771118164,354976,RUSHIL,2025-09
2025-09-11 06:20:00+00:00,30.57999992370605,30.57999992370605,30.81999969482422,30.36000061035156,30.59000015258789,258455,RUSHIL,2025-09
2025-09-11 06:25:00+00:00,30.93000030517578,30.93000030517578,31.75,30.5,30.540000915527344,1628450,RUSHIL,2025-09
2025-09-11 06:30:00+00:00,30.239999771118164,30.239999771118164,31.149999618530277,30.18000030517578,30.989999771118164,486604,RUSHIL,2025-09
2025-09-11 06:35:00+00:00,30.46999931335449,30.46999931335449,30.479999542236328,30.059999465942383,30.270000457763672,220362,RUSHIL,2025-09
2025-09-11 06:40:00+00:00,30.450000762939453,30.450000762939453,30.549999237060547,30.270000457763672,30.5,112355,RUSHIL,2025-09
2025-09-11 06:45:00+00:00,30.1200008392334,30.1200008392334,30.59000015258789,30.030000686645508,30.34000015258789,185505,RUSHIL,2025-09
2025-09-11 06:50:00+00:00,30.399999618530277,30.399999618530277,30.440000534057617,30.059999465942383,30.190000534057617,185482,RUSHIL,2025-09
2025-09-11 06:55:00+00:00,30.18000030517578,30.18000030517578,30.38999938964844,30.1200008392334,30.38999938964844,66911,RUSHIL,2025-09
2025-09-11 07:00:00+00:00,30.07999992370605,30.07999992370605,30.149999618530277,29.81999969482422,30.059999465942383,138156,RUSHIL,2025-09
2025-09-11 07:05:00+00:00,29.959999084472656,29.959999084472656,30.1200008392334,29.86000061035156,30.049999237060547,38002,RUSHIL,2025-09
2025-09-11 07:10:00+00:00,29.8799991607666,29.8799991607666,30.229999542236328,29.8799991607666,29.8799991607666,106134,RUSHIL,2025-09
2025-09-11 07:15:00+00:00,29.90999984741211,29.90999984741211,29.96999931335449,29.799999237060547,29.84000015258789,62859,RUSHIL,2025-09
2025-09-11 07:20:00+00:00,29.850000381469727,29.850000381469727,29.950000762939453,29.739999771118164,29.88999938964844,65542,RUSHIL,2025-09
2025-09-11 07:25:00+00:00,29.63999938964844,29.63999938964844,29.920000076293945,29.600000381469727,29.920000076293945,55871,RUSHIL,2025-09
2025-09-11 07:30:00+00:00,29.600000381469727,29.600000381469727,29.71999931335449,29.399999618530277,29.65999984741211,98719,RUSHIL,2025-09
2025-09-11 07:35:00+00:00,29.600000381469727,29.600000381469727,29.700000762939453,29.459999084472656,29.600000381469727,29499,RUSHIL,2025-09
2025-09-11 07:40:00+00:00,29.5,29.5,29.700000762939453,29.479999542236328,29.59000015258789,74239,RUSHIL,2025-09
2025-09-11 07:45:00+00:00,29.450000762939453,29.450000762939453,29.6299991607666,29.450000762939453,29.530000686645508,58422,RUSHIL,2025-09
2025-09-11 07:50:00+00:00,29.600000381469727,29.600000381469727,29.61000061035156,29.459999084472656,29.489999771118164,27491,RUSHIL,2025-09
2025-09-11 07:55:00+00:00,29.40999984741211,29.40999984741211,29.57999992370605,29.40999984741211,29.549999237060547,46633,RUSHIL,2025-09
2025-09-11 08:00:00+00:00,29.520000457763672,29.520000457763672,29.56999969482422,29.299999237060547,29.489999771118164,23064,RUSHIL,2025-09
2025-09-11 08:05:00+00:00,29.40999984741211,29.40999984741211,29.600000381469727,29.40999984741211,29.559999465942383,55650,RUSHIL,2025-09
2025-09-11 08:10:00+00:00,29.43000030517578,29.43000030517578,29.549999237060547,29.40999984741211,29.40999984741211,1539,RUSHIL,2025-09
2025-09-11 08:15:00+00:00,29.3799991607666,29.3799991607666,29.5,29.3799991607666,29.440000534057617,14225,RUSHIL,2025-09
2025-09-11 08:20:00+00:00,29.96999931335449,29.96999931335449,30.0,29.3799991607666,29.3799991607666,268764,RUSHIL,2025-09
2025-09-11 08:25:00+00:00,29.790000915527344,29.790000915527344,30.0,29.530000686645508,29.96999931335449,83059,RUSHIL,2025-09
2025-09-11 08:30:00+00:00,29.559999465942383,29.559999465942383,29.780000686645508,29.559999465942383,29.780000686645508,27171,RUSHIL,2025-09
2025-09-11 08:35:00+00:00,29.440000534057617,29.440000534057617,29.63999938964844,29.299999237060547,29.440000534057617,57297,RUSHIL,2025-09
2025-09-11 08:40:00+00:00,29.420000076293945,29.420000076293945,29.43000030517578,29.299999237060547,29.31999969482422,32018,RUSHIL,2025-09
2025-09-11 08:45:00+00:00,29.209999084472656,29.209999084472656,29.399999618530277,29.049999237060547,29.299999237060547,107394,RUSHIL,2025-09
2025-09-11 08:50:00+00:00,29.0,29.0,29.38999938964844,28.8700008392334,29.190000534057617,106951,RUSHIL,2025-09
2025-09-11 08:55:00+00:00,29.059999465942383,29.059999465942383,29.190000534057617,29.0,29.0,43338,RUSHIL,2025-09
2025-09-11 09:00:00+00:00,29.040000915527344,29.040000915527344,29.190000534057617,28.950000762939453,29.190000534057617,25878,RUSHIL,2025-09
2025-09-11 09:05:00+00:00,29.200000762939453,29.200000762939453,29.3799991607666,29.01000022888184,29.059999465942383,37957,RUSHIL,2025-09
2025-09-11 09:10:00+00:00,29.26000022888184,29.26000022888184,29.46999931335449,29.09000015258789,29.170000076293945,53631,RUSHIL,2025-09
2025-09-11 09:15:00+00:00,29.100000381469727,29.100000381469727,29.239999771118164,29.0,29.239999771118164,48347,RUSHIL,2025-09
2025-09-11 09:20:00+00:00,29.18000030517578,29.18000030517578,29.200000762939453,29.01000022888184,29.149999618530277,7394,RUSHIL,2025-09
2025-09-11 09:25:00+00:00,29.059999465942383,29.059999465942383,29.18000030517578,29.0,29.18000030517578,16162,RUSHIL,2025-09
2025-09-11 09:30:00+00:00,29.040000915527344,29.040000915527344,29.18000030517578,28.84000015258789,29.18000030517578,45013,RUSHIL,2025-09
2025-09-11 09:35:00+00:00,29.01000022888184,29.01000022888184,29.21999931335449,28.90999984741211,28.959999084472656,47492,RUSHIL,2025-09
2025-09-11 09:40:00+00:00,29.01000022888184,29.01000022888184,29.149999618530277,28.96999931335449,28.96999931335449,19513,RUSHIL,2025-09
2025-09-11 09:45:00+00:00,29.049999237060547,29.049999237060547,29.09000015258789,28.93000030517578,29.01000022888184,44798,RUSHIL,2025-09
2025-09-11 09:50:00+00:00,29.0,29.0,29.239999771118164,28.920000076293945,28.979999542236328,135999,RUSHIL,2025-09
2025-09-11 09:55:00+00:00,29.15999984741211,29.15999984741211,29.239999771118164,29.0,29.0,108608,RUSHIL,2025-09
2025-09-12 03:45:00+00:00,29.350000381469727,29.350000381469727,29.530000686645508,29.11000061035156,29.36000061035156,0,RUSHIL,2025-09
2025-09-12 03:50:00+00:00,29.040000915527344,29.040000915527344,29.40999984741211,28.899999618530277,29.40999984741211,92037,RUSHIL,2025-09
2025-09-12 03:55:00+00:00,29.350000381469727,29.350000381469727,29.38999938964844,28.90999984741211,29.0,64018,RUSHIL,2025-09
2025-09-12 04:00:00+00:00,29.200000762939453,29.200000762939453,29.350000381469727,29.149999618530277,29.350000381469727,37638,RUSHIL,2025-09
2025-09-12 04:05:00+00:00,29.239999771118164,29.239999771118164,29.290000915527344,29.239999771118164,29.270000457763672,4784,RUSHIL,2025-09
2025-09-12 04:10:00+00:00,29.200000762939453,29.200000762939453,29.270000457763672,29.1299991607666,29.209999084472656,37708,RUSHIL,2025-09
2025-09-12 04:15:00+00:00,29.200000762939453,29.200000762939453,29.200000762939453,29.1200008392334,29.170000076293945,20170,RUSHIL,2025-09
2025-09-12 04:20:00+00:00,29.31999969482422,29.31999969482422,29.31999969482422,29.170000076293945,29.170000076293945,14406,RUSHIL,2025-09
2025-09-12 04:25:00+00:00,29.290000915527344,29.290000915527344,29.38999938964844,29.170000076293945,29.3700008392334,25423,RUSHIL,2025-09
2025-09-12 04:30:00+00:00,29.100000381469727,29.100000381469727,29.309999465942383,29.100000381469727,29.21999931335449,22806,RUSHIL,2025-09
2025-09-12 04:35:00+00:00,29.07999992370605,29.07999992370605,29.200000762939453,29.0,29.11000061035156,46086,RUSHIL,2025-09
2025-09-12 04:40:00+00:00,28.809999465942383,28.809999465942383,29.1299991607666,28.76000022888184,29.09000015258789,145176,RUSHIL,2025-09
2025-09-12 04:45:00+00:00,29.049999237060547,29.049999237060547,29.100000381469727,28.82999992370605,28.90999984741211,24365,RUSHIL,2025-09
2025-09-12 04:50:00+00:00,29.170000076293945,29.170000076293945,29.200000762939453,29.0,29.030000686645508,24914,RUSHIL,2025-09
2025-09-12 04:55:00+00:00,29.290000915527344,29.290000915527344,29.290000915527344,29.059999465942383,29.190000534057617,54155,RUSHIL,2025-09
2025-09-12 05:00:00+00:00,29.190000534057617,29.190000534057617,29.36000061035156,29.11000061035156,29.290000915527344,7644,RUSHIL,2025-09
2025-09-12 05:05:00+00:00,29.149999618530277,29.149999618530277,29.190000534057617,29.149999618530277,29.190000534057617,249,RUSHIL,2025-09
2025-09-12 05:10:00+00:00,29.100000381469727,29.100000381469727,29.149999618530277,29.07999992370605,29.13999938964844,5181,RUSHIL,2025-09
2025-09-12 05:15:00+00:00,29.030000686645508,29.030000686645508,29.100000381469727,29.030000686645508,29.07999992370605,1238,RUSHIL,2025-09
2025-09-12 05:20:00+00:00,29.100000381469727,29.100000381469727,29.100000381469727,29.01000022888184,29.01000022888184,1841,RUSHIL,2025-09
2025-09-12 05:25:00+00:00,29.09000015258789,29.09000015258789,29.15999984741211,29.09000015258789,29.15999984741211,2670,RUSHIL,2025-09
2025-09-12 05:30:00+00:00,29.239999771118164,29.239999771118164,29.239999771118164,29.1200008392334,29.149999618530277,4473,RUSHIL,2025-09
2025-09-12 05:35:00+00:00,29.13999938964844,29.13999938964844,29.209999084472656,29.13999938964844,29.149999618530277,6998,RUSHIL,2025-09
2025-09-12 05:40:00+00:00,29.200000762939453,29.200000762939453,29.239999771118164,29.1299991607666,29.200000762939453,3038,RUSHIL,2025-09
2025-09-12 05:45:00+00:00,30.030000686645508,30.030000686645508,30.030000686645508,29.200000762939453,29.209999084472656,159766,RUSHIL,2025-09
2025-09-12 05:50:00+00:00,30.059999465942383,30.059999465942383,30.649999618530277,29.93000030517578,30.07999992370605,285654,RUSHIL,2025-09
2025-09-12 05:55:00+00:00,30.280000686645508,30.280000686645508,30.32999992370605,30.020000457763672,30.020000457763672,67550,RUSHIL,2025-09
2025-09-12 06:00:00+00:00,30.8799991607666,30.8799991607666,30.950000762939453,30.239999771118164,30.239999771118164,283187,RUSHIL,2025-09
2025-09-12 06:05:00+00:00,31.38999938964844,31.38999938964844,31.38999938964844,30.75,30.940000534057617,630797,RUSHIL,2025-09
2025-09-12 06:10:00+00:00,31.40999984741211,31.40999984741211,31.68000030517578,31.229999542236328,31.280000686645508,490509,RUSHIL,2025-09
2025-09-12 06:15:00+00:00,31.450000762939453,31.450000762939453,31.559999465942383,31.100000381469727,31.40999984741211,321135,RUSHIL,2025-09
2025-09-12 06:20:00+00:00,30.86000061035156,30.86000061035156,31.5,30.559999465942383,31.459999084472656,409704,RUSHIL,2025-09
2025-09-12 06:25:00+00:00,30.799999237060547,30.799999237060547,31.059999465942383,30.790000915527344,30.799999237060547,130525,RUSHIL,2025-09
2025-09-12 06:30:00+00:00,30.799999237060547,30.799999237060547,30.93000030517578,30.71999931335449,30.88999938964844,89286,RUSHIL,2025-09
2025-09-12 06:35:00+00:00,30.46999931335449,30.46999931335449,30.799999237060547,30.3700008392334,30.799999237060547,137524,RUSHIL,2025-09
2025-09-12 06:40:00+00:00,30.450000762939453,30.450000762939453,30.670000076293945,29.940000534057617,30.46999931335449,328801,RUSHIL,2025-09
2025-09-12 06:45:00+00:00,30.26000022888184,30.26000022888184,30.549999237060547,30.15999984741211,30.5,81938,RUSHIL,2025-09
2025-09-12 06:50:00+00:00,30.32999992370605,30.32999992370605,30.46999931335449,30.270000457763672,30.34000015258789,17683,RUSHIL,2025-09
2025-09-12 06:55:00+00:00,30.299999237060547,30.299999237060547,30.440000534057617,30.209999084472656,30.31999969482422,45373,RUSHIL,2025-09
2025-09-12 07:00:00+00:00,30.149999618530277,30.149999618530277,30.299999237060547,29.75,30.299999237060547,172866,RUSHIL,2025-09
2025-09-12 07:05:00+00:00,29.950000762939453,29.950000762939453,30.270000457763672,29.729999542236328,30.100000381469727,42663,RUSHIL,2025-09
2025-09-12 07:10:00+00:00,29.96999931335449,29.96999931335449,29.979999542236328,29.799999237060547,29.920000076293945,36570,RUSHIL,2025-09
2025-09-12 07:15:00+00:00,30.030000686645508,30.030000686645508,30.170000076293945,29.729999542236328,29.90999984741211,65351,RUSHIL,2025-09
2025-09-12 07:20:00+00:00,30.01000022888184,30.01000022888184,30.07999992370605,29.93000030517578,30.040000915527344,20911,RUSHIL,2025-09
2025-09-12 07:25:00+00:00,29.770000457763672,29.770000457763672,29.979999542236328,29.75,29.940000534057617,78931,RUSHIL,2025-09
2025-09-12 07:30:00+00:00,30.600000381469727,30.600000381469727,30.600000381469727,29.76000022888184,29.809999465942383,316728,RUSHIL,2025-09
2025-09-12 07:35:00+00:00,30.25,30.25,30.790000915527344,30.25,30.600000381469727,59066,RUSHIL,2025-09
2025-09-12 07:40:00+00:00,30.3700008392334,30.3700008392334,30.3700008392334,30.190000534057617,30.209999084472656,15441,RUSHIL,2025-09
2025-09-12 07:45:00+00:00,30.13999938964844,30.13999938964844,30.3700008392334,30.1200008392334,30.3700008392334,8014,RUSHIL,2025-09
2025-09-12 07:50:00+00:00,30.200000762939453,30.200000762939453,30.309999465942383,30.1299991607666,30.149999618530277,10628,RUSHIL,2025-09
2025-09-12 07:55:00+00:00,30.15999984741211,30.15999984741211,30.200000762939453,30.020000457763672,30.200000762939453,20084,RUSHIL,2025-09
2025-09-12 08:00:00+00:00,30.13999938964844,30.13999938964844,30.190000534057617,30.01000022888184,30.01000022888184,25784,RUSHIL,2025-09
2025-09-12 08:05:00+00:00,30.25,30.25,30.26000022888184,30.1200008392334,30.200000762939453,17377,RUSHIL,2025-09
2025-09-12 08:10:00+00:00,30.190000534057617,30.190000534057617,30.239999771118164,30.15999984741211,30.15999984741211,6369,RUSHIL,2025-09
2025-09-12 08:15:00+00:00,30.32999992370605,30.32999992370605,30.5,30.190000534057617,30.190000534057617,53614,RUSHIL,2025-09
2025-09-12 08:20:00+00:00,30.38999938964844,30.38999938964844,30.46999931335449,30.290000915527344,30.290000915527344,6303,RUSHIL,2025-09
2025-09-12 08:25:00+00:00,30.479999542236328,30.479999542236328,30.479999542236328,30.290000915527344,30.3799991607666,18257,RUSHIL,2025-09
2025-09-12 08:30:00+00:00,30.38999938964844,30.38999938964844,30.75,30.38999938964844,30.5,160392,RUSHIL,2025-09
2025-09-12 08:35:00+00:00,30.479999542236328,30.479999542236328,30.5,30.26000022888184,30.34000015258789,26917,RUSHIL,2025-09
2025-09-12 08:40:00+00:00,30.32999992370605,30.32999992370605,30.489999771118164,30.32999992370605,30.489999771118164,18305,RUSHIL,2025-09
2025-09-12 08:45:00+00:00,30.420000076293945,30.420000076293945,30.420000076293945,30.21999931335449,30.32999992370605,73619,RUSHIL,2025-09
2025-09-12 08:50:00+00:00,30.36000061035156,30.36000061035156,30.36000061035156,30.190000534057617,30.190000534057617,11529,RUSHIL,2025-09
2025-09-12 08:55:00+00:00,30.43000030517578,30.43000030517578,30.5,30.299999237060547,30.299999237060547,18671,RUSHIL,2025-09
2025-09-12 09:00:00+00:00,30.459999084472656,30.459999084472656,30.489999771118164,30.40999984741211,30.479999542236328,18498,RUSHIL,2025-09
2025-09-12 09:05:00+00:00,30.309999465942383,30.309999465942383,30.479999542236328,30.309999465942383,30.479999542236328,5820,RUSHIL,2025-09
2025-09-12 09:10:00+00:00,30.270000457763672,30.270000457763672,30.38999938964844,30.270000457763672,30.38999938964844,11157,RUSHIL,2025-09
2025-09-12 09:15:00+00:00,30.309999465942383,30.309999465942383,30.31999969482422,30.21999931335449,30.309999465942383,15403,RUSHIL,2025-09
2025-09-12 09:20:00+00:00,30.31999969482422,30.31999969482422,30.31999969482422,30.209999084472656,30.309999465942383,12819,RUSHIL,2025-09
2025-09-12 09:25:00+00:00,30.399999618530277,30.399999618530277,30.450000762939453,30.26000022888184,30.26000022888184,35943,RUSHIL,2025-09
2025-09-12 09:30:00+00:00,30.25,30.25,30.440000534057617,30.190000534057617,30.399999618530277,26730,RUSHIL,2025-09
2025-09-12 09:35:00+00:00,30.46999931335449,30.46999931335449,30.5,30.209999084472656,30.209999084472656,61512,RUSHIL,2025-09
2025-09-12 09:40:00+00:00,30.21999931335449,30.21999931335449,30.479999542236328,30.21999931335449,30.46999931335449,35063,RUSHIL,2025-09
2025-09-12 09:45:00+00:00,30.270000457763672,30.270000457763672,30.399999618530277,30.21999931335449,30.399999618530277,62205,RUSHIL,2025-09
2025-09-12 09:50:00+00:00,29.399999618530277,29.399999618530277,30.350000381469727,29.239999771118164,30.280000686645508,281767,RUSHIL,2025-09
2025-09-12 09:55:00+00:00,29.440000534057617,29.440000534057617,29.690000534057617,29.350000381469727,29.3700008392334,75253,RUSHIL,2025-09
2025-09-15 03:45:00+00:00,29.739999771118164,29.739999771118164,30.1200008392334,29.600000381469727,29.6200008392334,0,RUSHIL,2025-09
2025-09-15 03:50:00+00:00,30.0,30.0,30.049999237060547,29.75,29.799999237060547,56355,RUSHIL,2025-09
2025-09-15 03:55:00+00:00,30.559999465942383,30.559999465942383,30.75,30.0,30.0,160546,RUSHIL,2025-09
2025-09-15 04:00:00+00:00,30.71999931335449,30.71999931335449,30.76000022888184,30.6200008392334,30.63999938964844,75846,RUSHIL,2025-09
2025-09-15 04:05:00+00:00,31.170000076293945,31.170000076293945,31.280000686645508,30.6200008392334,30.809999465942383,180204,RUSHIL,2025-09
2025-09-15 04:10:00+00:00,31.31999969482422,31.31999969482422,31.549999237060547,31.239999771118164,31.239999771118164,142175,RUSHIL,2025-09
2025-09-15 04:15:00+00:00,31.25,31.25,31.530000686645508,31.25,31.31999969482422,81225,RUSHIL,2025-09
2025-09-15 04:20:00+00:00,31.25,31.25,31.399999618530277,31.18000030517578,31.36000061035156,111323,RUSHIL,2025-09
2025-09-15 04:25:00+00:00,31.200000762939453,31.200000762939453,31.229999542236328,31.149999618530277,31.229999542236328,20785,RUSHIL,2025-09
2025-09-15 04:30:00+00:00,31.309999465942383,31.309999465942383,31.399999618530277,31.1200008392334,31.15999984741211,71501,RUSHIL,2025-09
2025-09-15 04:35:00+00:00,31.25,31.25,31.309999465942383,31.200000762939453,31.309999465942383,13030,RUSHIL,2025-09
2025-09-15 04:40:00+00:00,31.270000457763672,31.270000457763672,31.309999465942383,31.200000762939453,31.309999465942383,37062,RUSHIL,2025-09
2025-09-15 04:45:00+00:00,31.209999084472656,31.209999084472656,31.270000457763672,31.209999084472656,31.270000457763672,10386,RUSHIL,2025-09
2025-09-15 04:50:00+00:00,31.200000762939453,31.200000762939453,31.31999969482422,31.200000762939453,31.209999084472656,20207,RUSHIL,2025-09
2025-09-15 04:55:00+00:00,31.15999984741211,31.15999984741211,31.299999237060547,31.11000061035156,31.239999771118164,27893,RUSHIL,2025-09
2025-09-15 05:00:00+00:00,31.200000762939453,31.200000762939453,31.200000762939453,31.13999938964844,31.15999984741211,12599,RUSHIL,2025-09
2025-09-15 05:05:00+00:00,31.200000762939453,31.200000762939453,31.299999237060547,31.200000762939453,31.200000762939453,16662,RUSHIL,2025-09
2025-09-15 05:10:00+00:00,31.239999771118164,31.239999771118164,31.34000015258789,31.200000762939453,31.200000762939453,45114,RUSHIL,2025-09
2025-09-15 05:15:00+00:00,31.36000061035156,31.36000061035156,31.36000061035156,31.149999618530277,31.299999237060547,60652,RUSHIL,2025-09
2025-09-15 05:20:00+00:00,31.25,31.25,31.350000381469727,31.21999931335449,31.31999969482422,30536,RUSHIL,2025-09
2025-09-15 05:25:00+00:00,31.239999771118164,31.239999771118164,31.25,31.200000762939453,31.239999771118164,15012,RUSHIL,2025-09
2025-09-15 05:30:00+00:00,31.299999237060547,31.299999237060547,31.36000061035156,31.200000762939453,31.200000762939453,20066,RUSHIL,2025-09
2025-09-15 05:35:00+00:00,31.350000381469727,31.350000381469727,31.399999618530277,31.299999237060547,31.299999237060547,12984,RUSHIL,2025-09
2025-09-15 05:40:00+00:00,31.280000686645508,31.280000686645508,31.3700008392334,31.280000686645508,31.299999237060547,17986,RUSHIL,2025-09
2025-09-15 05:45:00+00:00,31.280000686645508,31.280000686645508,31.36000061035156,31.280000686645508,31.280000686645508,18678,RUSHIL,2025-09
2025-09-15 05:50:00+00:00,31.32999992370605,31.32999992370605,31.399999618530277,31.280000686645508,31.280000686645508,13524,RUSHIL,2025-09
2025-09-15 05:55:00+00:00,31.489999771118164,31.489999771118164,31.5,31.32999992370605,31.32999992370605,668554,RUSHIL,2025-09
2025-09-15 06:00:00+00:00,31.34000015258789,31.34000015258789,31.489999771118164,31.309999465942383,31.43000030517578,41647,RUSHIL,2025-09
2025-09-15 06:05:00+00:00,30.799999237060547,30.799999237060547,31.350000381469727,30.799999237060547,31.31999969482422,113804,RUSHIL,2025-09
2025-09-15 06:10:00+00:00,30.82999992370605,30.82999992370605,30.959999084472656,30.65999984741211,30.799999237060547,78406,RUSHIL,2025-09
2025-09-15 06:15:00+00:00,30.75,30.75,30.799999237060547,30.68000030517578,30.799999237060547,18690,RUSHIL,2025-09
2025-09-15 06:20:00+00:00,30.8799991607666,30.8799991607666,30.899999618530277,30.709999084472656,30.76000022888184,23147,RUSHIL,2025-09
2025-09-15 06:25:00+00:00,30.850000381469727,30.850000381469727,30.920000076293945,30.81999969482422,30.8799991607666,10764,RUSHIL,2025-09
2025-09-15 06:30:00+00:00,30.8700008392334,30.8700008392334,30.920000076293945,30.84000015258789,30.84000015258789,2578,RUSHIL,2025-09
2025-09-15 06:35:00+00:00,30.81999969482422,30.81999969482422,30.88999938964844,30.75,30.809999465942383,11838,RUSHIL,2025-09
2025-09-15 06:40:00+00:00,30.780000686645508,30.780000686645508,30.81999969482422,30.75,30.81999969482422,8380,RUSHIL,2025-09
2025-09-15 06:45:00+00:00,31.049999237060547,31.049999237060547,31.15999984741211,30.780000686645508,30.81999969482422,64078,RUSHIL,2025-09
2025-09-15 06:50:00+00:00,31.030000686645508,31.030000686645508,31.100000381469727,30.959999084472656,30.959999084472656,6797,RUSHIL,2025-09
2025-09-15 06:55:00+00:00,30.82999992370605,30.82999992370605,31.0,30.82999992370605,30.959999084472656,14302,RUSHIL,2025-09
2025-09-15 07:00:00+00:00,30.709999084472656,30.709999084472656,30.850000381469727,30.59000015258789,30.850000381469727,40681,RUSHIL,2025-09
2025-09-15 07:05:00+00:00,30.68000030517578,30.68000030517578,30.76000022888184,30.6299991607666,30.709999084472656,7410,RUSHIL,2025-09
2025-09-15 07:10:00+00:00,30.65999984741211,30.65999984741211,30.739999771118164,30.65999984741211,30.65999984741211,3296,RUSHIL,2025-09
2025-09-15 07:15:00+00:00,30.71999931335449,30.71999931335449,30.739999771118164,30.68000030517578,30.68000030517578,2044,RUSHIL,2025-09
2025-09-15 07:20:00+00:00,30.68000030517578,30.68000030517578,30.739999771118164,30.65999984741211,30.65999984741211,5771,RUSHIL,2025-09
2025-09-15 07:25:00+00:00,30.649999618530277,30.649999618530277,30.700000762939453,30.61000061035156,30.700000762939453,2811,RUSHIL,2025-09
2025-09-15 07:30:00+00:00,30.739999771118164,30.739999771118164,30.739999771118164,30.65999984741211,30.68000030517578,3253,RUSHIL,2025-09
2025-09-15 07:35:00+00:00,30.670000076293945,30.670000076293945,30.739999771118164,30.670000076293945,30.739999771118164,2088,RUSHIL,2025-09
2025-09-15 07:40:00+00:00,30.600000381469727,30.600000381469727,30.700000762939453,30.56999969482422,30.65999984741211,17650,RUSHIL,2025-09
2025-09-15 07:45:00+00:00,30.649999618530277,30.649999618530277,30.65999984741211,30.530000686645508,30.600000381469727,3423,RUSHIL,2025-09
2025-09-15 07:50:00+00:00,30.729999542236328,30.729999542236328,30.770000457763672,30.6299991607666,30.6299991607666,12872,RUSHIL,2025-09
2025-09-15 07:55:00+00:00,30.799999237060547,30.799999237060547,30.809999465942383,30.739999771118164,30.799999237060547,1409,RUSHIL,2025-09
2025-09-15 08:00:00+00:00,30.700000762939453,30.700000762939453,30.790000915527344,30.690000534057617,30.790000915527344,758,RUSHIL,2025-09
2025-09-15 08:05:00+00:00,30.670000076293945,30.670000076293945,30.84000015258789,30.670000076293945,30.729999542236328,9139,RUSHIL,2025-09
2025-09-15 08:10:00+00:00,30.61000061035156,30.61000061035156,30.65999984741211,30.61000061035156,30.65999984741211,10179,RUSHIL,2025-09
2025-09-15 08:15:00+00:00,30.649999618530277,30.649999618530277,30.649999618530277,30.559999465942383,30.61000061035156,11697,RUSHIL,2025-09
2025-09-15 08:20:00+00:00,30.57999992370605,30.57999992370605,30.700000762939453,30.57999992370605,30.700000762939453,2839,RUSHIL,2025-09
2025-09-15 08:25:00+00:00,30.65999984741211,30.65999984741211,30.690000534057617,30.59000015258789,30.59000015258789,356,RUSHIL,2025-09
2025-09-15 08:30:00+00:00,30.71999931335449,30.71999931335449,30.799999237060547,30.59000015258789,30.649999618530277,19629,RUSHIL,2025-09
2025-09-15 08:35:00+00:00,30.729999542236328,30.729999542236328,30.809999465942383,30.729999542236328,30.75,2930,RUSHIL,2025-09
2025-09-15 08:40:00+00:00,30.76000022888184,30.76000022888184,30.809999465942383,30.76000022888184,30.809999465942383,2245,RUSHIL,2025-09
2025-09-15 08:45:00+00:00,30.709999084472656,30.709999084472656,30.780000686645508,30.6200008392334,30.6200008392334,12479,RUSHIL,2025-09
2025-09-15 08:50:00+00:00,30.799999237060547,30.799999237060547,30.81999969482422,30.799999237060547,30.81999969482422,5191,RUSHIL,2025-09
2025-09-15 08:55:00+00:00,31.0,31.0,31.0,30.709999084472656,30.799999237060547,67096,RUSHIL,2025-09
2025-09-15 09:00:00+00:00,31.059999465942383,31.059999465942383,31.059999465942383,30.90999984741211,31.040000915527344,17921,RUSHIL,2025-09
2025-09-15 09:05:00+00:00,31.450000762939453,31.450000762939453,31.450000762939453,30.93000030517578,30.979999542236328,104295,RUSHIL,2025-09
2025-09-15 09:10:00+00:00,31.899999618530277,31.899999618530277,32.0,31.239999771118164,31.3700008392334,1641925,RUSHIL,2025-09
2025-09-15 09:15:00+00:00,31.700000762939453,31.700000762939453,31.850000381469727,31.59000015258789,31.84000015258789,99410,RUSHIL,2025-09
2025-09-15 09:20:00+00:00,31.450000762939453,31.450000762939453,31.700000762939453,31.3799991607666,31.700000762939453,87052,RUSHIL,2025-09
2025-09-15 09:25:00+00:00,31.5,31.5,32.0,31.40999984741211,31.450000762939453,2871031,RUSHIL,2025-09
2025-09-15 09:30:00+00:00,31.5,31.5,31.700000762939453,31.40999984741211,31.40999984741211,96136,RUSHIL,2025-09
2025-09-15 09:35:00+00:00,31.51000022888184,31.51000022888184,31.61000061035156,31.440000534057617,31.440000534057617,99682,RUSHIL,2025-09
2025-09-15 09:40:00+00:00,31.649999618530277,31.649999618530277,31.700000762939453,31.51000022888184,31.51000022888184,56642,RUSHIL,2025-09
2025-09-15 09:45:00+00:00,31.93000030517578,31.93000030517578,31.959999084472656,31.6299991607666,31.6299991607666,223811,RUSHIL,2025-09
2025-09-15 09:50:00+00:00,31.6200008392334,31.6200008392334,31.93000030517578,31.459999084472656,31.8700008392334,248343,RUSHIL,2025-09
2025-09-15 09:55:00+00:00,32.0,32.0,32.0,31.56999969482422,31.6200008392334,361304,RUSHIL,2025-09
2025-09-16 03:45:00+00:00,32.630001068115234,32.630001068115234,32.900001525878906,31.950000762939453,31.950000762939453,770871,RUSHIL,2025-09
2025-09-16 03:50:00+00:00,32.22999954223633,32.22999954223633,32.5,32.0,32.5,228988,RUSHIL,2025-09
2025-09-16 03:55:00+00:00,31.6200008392334,31.6200008392334,32.25,31.57999992370605,32.25,132063,RUSHIL,2025-09
2025-09-16 04:00:00+00:00,31.420000076293945,31.420000076293945,31.600000381469727,31.209999084472656,31.549999237060547,161821,RUSHIL,2025-09
2025-09-16 04:05:00+00:00,32.369998931884766,32.369998931884766,32.400001525878906,31.40999984741211,31.40999984741211,286749,RUSHIL,2025-09
2025-09-16 04:10:00+00:00,32.290000915527344,32.290000915527344,32.650001525878906,32.099998474121094,32.36000061035156,385140,RUSHIL,2025-09
2025-09-16 04:15:00+00:00,32.459999084472656,32.459999084472656,32.58000183105469,32.25,32.2599983215332,105597,RUSHIL,2025-09
2025-09-16 04:20:00+00:00,32.130001068115234,32.130001068115234,32.400001525878906,32.06999969482422,32.38999938964844,151302,RUSHIL,2025-09
2025-09-16 04:25:00+00:00,32.04999923706055,32.04999923706055,32.25,32.02000045776367,32.06999969482422,54526,RUSHIL,2025-09
2025-09-16 04:30:00+00:00,31.86000061035156,31.86000061035156,32.08000183105469,31.86000061035156,32.04999923706055,60175,RUSHIL,2025-09
2025-09-16 04:35:00+00:00,31.90999984741211,31.90999984741211,31.90999984741211,31.76000022888184,31.86000061035156,36103,RUSHIL,2025-09
2025-09-16 04:40:00+00:00,31.899999618530277,31.899999618530277,32.0,31.799999237060547,32.0,16814,RUSHIL,2025-09
2025-09-16 04:45:00+00:00,31.84000015258789,31.84000015258789,31.899999618530277,31.790000915527344,31.899999618530277,11661,RUSHIL,2025-09
2025-09-16 04:50:00+00:00,31.899999618530277,31.899999618530277,32.099998474121094,31.899999618530277,31.979999542236328,31717,RUSHIL,2025-09
2025-09-16 04:55:00+00:00,31.86000061035156,31.86000061035156,32.0,31.82999992370605,32.0,11885,RUSHIL,2025-09
2025-09-16 05:00:00+00:00,31.899999618530277,31.899999618530277,31.899999618530277,31.899999618530277,31.899999618530277,0,RUSHIL,2025-09
2025-09-16 05:10:00+00:00,31.809999465942383,31.809999465942383,31.8700008392334,31.799999237060547,31.799999237060547,21856,RUSHIL,2025-09
2025-09-16 05:30:00+00:00,31.950000762939453,31.950000762939453,31.950000762939453,31.86000061035156,31.90999984741211,47676,RUSHIL,2025-09
2025-09-16 05:35:00+00:00,31.96999931335449,31.96999931335449,32.0,31.90999984741211,31.950000762939453,24056,RUSHIL,2025-09
2025-09-16 05:40:00+00:00,31.86000061035156,31.86000061035156,31.940000534057617,31.86000061035156,31.93000030517578,3925,RUSHIL,2025-09
2025-09-16 05:45:00+00:00,31.81999969482422,31.81999969482422,31.959999084472656,31.799999237060547,31.88999938964844,32720,RUSHIL,2025-09
2025-09-16 05:50:00+00:00,31.75,31.75,31.82999992370605,31.61000061035156,31.82999992370605,65357,RUSHIL,2025-09
2025-09-16 05:55:00+00:00,31.670000076293945,31.670000076293945,31.75,31.670000076293945,31.75,2300,RUSHIL,2025-09
2025-09-16 06:00:00+00:00,31.6200008392334,31.6200008392334,31.649999618530277,31.600000381469727,31.649999618530277,13578,RUSHIL,2025-09
2025-09-16 06:05:00+00:00,31.540000915527344,31.540000915527344,31.649999618530277,31.5,31.63999938964844,41164,RUSHIL,2025-09
2025-09-16 06:10:00+00:00,31.549999237060547,31.549999237060547,31.600000381469727,31.540000915527344,31.540000915527344,3354,RUSHIL,2025-09
2025-09-16 06:15:00+00:00,31.809999465942383,31.809999465942383,32.0,31.600000381469727,31.61000061035156,33072,RUSHIL,2025-09
2025-09-16 06:20:00+00:00,31.81999969482422,31.81999969482422,31.81999969482422,31.76000022888184,31.76000022888184,30414,RUSHIL,2025-09
2025-09-16 06:25:00+00:00,32.130001068115234,32.130001068115234,32.130001068115234,32.0,32.02000045776367,114986,RUSHIL,2025-09
2025-09-16 06:30:00+00:00,32.06999969482422,32.06999969482422,32.130001068115234,32.040000915527344,32.09000015258789,26557,RUSHIL,2025-09
2025-09-16 06:35:00+00:00,32.06999969482422,32.06999969482422,32.099998474121094,32.060001373291016,32.06999969482422,1205,RUSHIL,2025-09
2025-09-16 09:45:00+00:00,32.869998931884766,32.869998931884766,32.900001525878906,32.619998931884766,32.849998474121094,2449637,RUSHIL,2025-09
2025-09-16 09:50:00+00:00,32.81999969482422,32.81999969482422,32.9900016784668,32.779998779296875,32.86000061035156,289276,RUSHIL,2025-09
2025-09-16 09:55:00+00:00,32.93000030517578,32.93000030517578,32.95000076293945,32.86000061035156,32.900001525878906,91449,RUSHIL,2025-09
2025-09-17 03:45:00+00:00,33.0,33.0,33.150001525878906,32.59000015258789,32.81999969482422,169876,RUSHIL,2025-09
2025-09-17 03:50:00+00:00,32.790000915527344,32.790000915527344,33.06999969482422,32.77000045776367,33.0,68523,RUSHIL,2025-09
2025-09-17 03:55:00+00:00,33.02000045776367,33.02000045776367,33.15999984741211,32.59000015258789,32.790000915527344,111921,RUSHIL,2025-09
2025-09-17 04:00:00+00:00,33.40999984741211,33.40999984741211,33.630001068115234,33.02000045776367,33.04999923706055,196312,RUSHIL,2025-09
2025-09-17 04:05:00+00:00,33.779998779296875,33.779998779296875,33.779998779296875,33.20000076293945,33.41999816894531,275370,RUSHIL,2025-09
2025-09-17 04:10:00+00:00,33.79999923706055,33.79999923706055,33.88999938964844,33.470001220703125,33.7599983215332,186795,RUSHIL,2025-09
2025-09-17 04:15:00+00:00,33.459999084472656,33.459999084472656,33.75,33.40999984741211,33.75,89224,RUSHIL,2025-09
2025-09-17 04:20:00+00:00,33.630001068115234,33.630001068115234,33.720001220703125,33.45000076293945,33.5099983215332,35635,RUSHIL,2025-09
2025-09-17 04:25:00+00:00,33.470001220703125,33.470001220703125,33.619998931884766,33.439998626708984,33.56999969482422,31928,RUSHIL,2025-09
2025-09-17 04:30:00+00:00,33.61000061035156,33.61000061035156,33.68000030517578,33.400001525878906,33.470001220703125,53714,RUSHIL,2025-09
2025-09-17 04:35:00+00:00,33.619998931884766,33.619998931884766,33.619998931884766,33.45000076293945,33.560001373291016,26555,RUSHIL,2025-09
2025-09-17 04:40:00+00:00,33.54999923706055,33.54999923706055,33.650001525878906,33.5099983215332,33.560001373291016,32945,RUSHIL,2025-09
2025-09-17 04:45:00+00:00,33.31999969482422,33.31999969482422,33.560001373291016,33.279998779296875,33.47999954223633,63890,RUSHIL,2025-09
2025-09-17 04:50:00+00:00,33.4900016784668,33.4900016784668,33.4900016784668,33.31999969482422,33.400001525878906,29621,RUSHIL,2025-09
2025-09-17 04:55:00+00:00,33.45000076293945,33.45000076293945,33.4900016784668,33.40999984741211,33.4900016784668,9646,RUSHIL,2025-09
2025-09-17 05:00:00+00:00,33.400001525878906,33.400001525878906,33.45000076293945,33.400001525878906,33.439998626708984,4462,RUSHIL,2025-09
2025-09-17 05:05:00+00:00,33.43000030517578,33.43000030517578,33.459999084472656,33.400001525878906,33.400001525878906,14600,RUSHIL,2025-09
2025-09-17 05:10:00+00:00,33.45000076293945,33.45000076293945,33.4900016784668,33.400001525878906,33.4900016784668,3642,RUSHIL,2025-09
2025-09-17 05:15:00+00:00,33.33000183105469,33.33000183105469,33.45000076293945,33.33000183105469,33.45000076293945,29678,RUSHIL,2025-09
2025-09-17 05:20:00+00:00,33.33000183105469,33.33000183105469,33.38999938964844,33.279998779296875,33.33000183105469,31652,RUSHIL,2025-09
2025-09-17 05:25:00+00:00,33.439998626708984,33.439998626708984,33.439998626708984,33.33000183105469,33.33000183105469,3985,RUSHIL,2025-09
2025-09-17 05:30:00+00:00,33.4900016784668,33.4900016784668,33.52000045776367,33.40999984741211,33.439998626708984,21593,RUSHIL,2025-09
2025-09-17 05:35:00+00:00,33.439998626708984,33.439998626708984,33.4900016784668,33.40999984741211,33.40999984741211,3465,RUSHIL,2025-09
2025-09-17 05:40:00+00:00,33.56999969482422,33.56999969482422,33.59000015258789,33.400001525878906,33.43000030517578,19113,RUSHIL,2025-09
2025-09-17 05:45:00+00:00,33.5099983215332,33.5099983215332,33.58000183105469,33.5,33.56999969482422,6749,RUSHIL,2025-09
2025-09-17 05:50:00+00:00,33.5,33.5,33.54999923706055,33.439998626708984,33.5,5833,RUSHIL,2025-09
2025-09-17 05:55:00+00:00,33.5099983215332,33.5099983215332,33.59000015258789,33.4900016784668,33.4900016784668,18121,RUSHIL,2025-09
2025-09-17 06:00:00+00:00,33.369998931884766,33.369998931884766,33.5,33.369998931884766,33.5,12936,RUSHIL,2025-09
2025-09-17 06:05:00+00:00,33.36000061035156,33.36000061035156,33.47999954223633,33.34000015258789,33.439998626708984,17183,RUSHIL,2025-09
2025-09-17 06:10:00+00:00,33.36000061035156,33.36000061035156,33.38999938964844,33.36000061035156,33.36000061035156,3858,RUSHIL,2025-09
2025-09-17 06:15:00+00:00,33.38999938964844,33.38999938964844,33.400001525878906,33.310001373291016,33.36000061035156,6927,RUSHIL,2025-09
2025-09-17 06:20:00+00:00,33.29999923706055,33.29999923706055,33.38999938964844,33.279998779296875,33.33000183105469,8928,RUSHIL,2025-09
2025-09-17 06:25:00+00:00,33.33000183105469,33.33000183105469,33.380001068115234,33.29999923706055,33.33000183105469,1431,RUSHIL,2025-09
2025-09-17 06:30:00+00:00,33.31999969482422,33.31999969482422,33.380001068115234,33.29999923706055,33.29999923706055,18324,RUSHIL,2025-09
2025-09-17 06:35:00+00:00,33.25,33.25,33.400001525878906,33.25,33.31999969482422,41579,RUSHIL,2025-09
2025-09-17 06:40:00+00:00,33.279998779296875,33.279998779296875,33.31999969482422,33.20000076293945,33.25,11654,RUSHIL,2025-09
2025-09-17 06:45:00+00:00,33.310001373291016,33.310001373291016,33.380001068115234,33.279998779296875,33.31999969482422,7287,RUSHIL,2025-09
2025-09-17 06:50:00+00:00,33.29999923706055,33.29999923706055,33.33000183105469,33.279998779296875,33.310001373291016,9860,RUSHIL,2025-09
2025-09-17 06:55:00+00:00,33.290000915527344,33.290000915527344,33.33000183105469,33.279998779296875,33.33000183105469,13148,RUSHIL,2025-09
2025-09-17 07:00:00+00:00,33.349998474121094,33.349998474121094,33.349998474121094,33.279998779296875,33.279998779296875,8864,RUSHIL,2025-09
2025-09-17 07:05:00+00:00,33.279998779296875,33.279998779296875,33.34000015258789,33.279998779296875,33.34000015258789,12613,RUSHIL,2025-09
2025-09-17 07:10:00+00:00,33.2599983215332,33.2599983215332,33.349998474121094,33.209999084472656,33.349998474121094,21152,RUSHIL,2025-09
2025-09-17 07:15:00+00:00,33.189998626708984,33.189998626708984,33.25,33.15999984741211,33.25,13216,RUSHIL,2025-09
2025-09-17 07:20:00+00:00,33.130001068115234,33.130001068115234,33.20000076293945,33.099998474121094,33.20000076293945,17881,RUSHIL,2025-09
2025-09-17 07:25:00+00:00,33.18000030517578,33.18000030517578,33.2599983215332,33.13999938964844,33.20000076293945,9075,RUSHIL,2025-09
2025-09-17 07:30:00+00:00,33.22999954223633,33.22999954223633,33.2599983215332,33.18000030517578,33.18000030517578,8852,RUSHIL,2025-09
2025-09-17 07:35:00+00:00,33.25,33.25,33.349998474121094,33.209999084472656,33.29999923706055,11041,RUSHIL,2025-09
2025-09-17 07:40:00+00:00,33.29999923706055,33.29999923706055,33.310001373291016,33.2599983215332,33.2599983215332,3079,RUSHIL,2025-09
2025-09-17 07:45:00+00:00,33.43000030517578,33.43000030517578,33.470001220703125,33.2599983215332,33.29999923706055,12842,RUSHIL,2025-09
2025-09-17 07:50:00+00:00,33.400001525878906,33.400001525878906,33.43000030517578,33.33000183105469,33.349998474121094,4442,RUSHIL,2025-09
2025-09-17 07:55:00+00:00,33.41999816894531,33.41999816894531,33.470001220703125,33.29999923706055,33.400001525878906,24278,RUSHIL,2025-09
2025-09-17 08:00:00+00:00,33.41999816894531,33.41999816894531,33.47999954223633,33.36000061035156,33.41999816894531,9897,RUSHIL,2025-09
2025-09-17 08:05:00+00:00,33.400001525878906,33.400001525878906,33.45000076293945,33.36000061035156,33.43000030517578,3164,RUSHIL,2025-09
2025-09-17 08:10:00+00:00,33.380001068115234,33.380001068115234,33.459999084472656,33.29999923706055,33.41999816894531,65527,RUSHIL,2025-09
2025-09-17 08:15:00+00:00,33.29999923706055,33.29999923706055,33.369998931884766,33.29999923706055,33.369998931884766,5971,RUSHIL,2025-09
2025-09-17 08:20:00+00:00,33.36000061035156,33.36000061035156,33.369998931884766,33.25,33.29999923706055,8503,RUSHIL,2025-09
2025-09-17 08:25:00+00:00,33.400001525878906,33.400001525878906,33.400001525878906,33.31999969482422,33.36000061035156,1702,RUSHIL,2025-09
2025-09-17 08:30:00+00:00,33.310001373291016,33.310001373291016,33.400001525878906,33.29999923706055,33.36000061035156,1592,RUSHIL,2025-09
2025-09-17 08:35:00+00:00,33.439998626708984,33.439998626708984,33.439998626708984,33.29999923706055,33.36000061035156,19539,RUSHIL,2025-09
2025-09-17 08:40:00+00:00,33.45000076293945,33.45000076293945,33.599998474121094,33.380001068115234,33.380001068115234,95761,RUSHIL,2025-09
2025-09-17 08:45:00+00:00,33.43000030517578,33.43000030517578,33.5,33.41999816894531,33.5,15793,RUSHIL,2025-09
2025-09-17 08:50:00+00:00,33.54999923706055,33.54999923706055,33.59000015258789,33.43000030517578,33.43000030517578,18200,RUSHIL,2025-09
2025-09-17 08:55:00+00:00,33.56999969482422,33.56999969482422,33.56999969482422,33.45000076293945,33.54999923706055,14243,RUSHIL,2025-09
2025-09-17 09:00:00+00:00,33.619998931884766,33.619998931884766,33.650001525878906,33.52000045776367,33.56999969482422,22620,RUSHIL,2025-09
2025-09-17 09:05:00+00:00,33.5099983215332,33.5099983215332,33.650001525878906,33.5099983215332,33.599998474121094,20110,RUSHIL,2025-09
2025-09-17 09:10:00+00:00,33.5,33.5,33.54999923706055,33.45000076293945,33.5,10583,RUSHIL,2025-09
2025-09-17 09:15:00+00:00,33.439998626708984,33.439998626708984,33.5,33.400001525878906,33.5,28561,RUSHIL,2025-09
2025-09-17 09:20:00+00:00,33.400001525878906,33.400001525878906,33.439998626708984,33.38999938964844,33.439998626708984,6151,RUSHIL,2025-09
2025-09-17 09:25:00+00:00,33.20000076293945,33.20000076293945,33.38999938964844,33.16999816894531,33.38999938964844,29752,RUSHIL,2025-09
2025-09-17 09:30:00+00:00,33.130001068115234,33.130001068115234,33.20000076293945,33.130001068115234,33.20000076293945,31948,RUSHIL,2025-09
2025-09-17 09:35:00+00:00,33.09000015258789,33.09000015258789,33.189998626708984,33.06999969482422,33.18000030517578,25082,RUSHIL,2025-09
2025-09-17 09:40:00+00:00,33.04999923706055,33.04999923706055,33.130001068115234,33.029998779296875,33.060001373291016,26679,RUSHIL,2025-09
2025-09-17 09:45:00+00:00,32.95000076293945,32.95000076293945,33.08000183105469,32.95000076293945,33.0099983215332,69602,RUSHIL,2025-09
2025-09-17 09:50:00+00:00,33.43000030517578,33.43000030517578,33.5,32.95000076293945,33.0099983215332,101508,RUSHIL,2025-09
2025-09-17 09:55:00+00:00,33.349998474121094,33.349998474121094,33.43000030517578,33.20000076293945,33.43000030517578,35598,RUSHIL,2025-09
2025-09-18 03:45:00+00:00,33.290000915527344,33.290000915527344,33.29999923706055,32.58000183105469,33.09000015258789,0,RUSHIL,2025-09
2025-09-18 03:50:00+00:00,32.880001068115234,32.880001068115234,33.290000915527344,32.880001068115234,33.279998779296875,57859,RUSHIL,2025-09
2025-09-18 03:55:00+00:00,32.75,32.75,33.08000183105469,32.70000076293945,32.880001068115234,42857,RUSHIL,2025-09
2025-09-18 04:00:00+00:00,32.869998931884766,32.869998931884766,33.08000183105469,32.75,32.7599983215332,19233,RUSHIL,2025-09
2025-09-18 04:05:00+00:00,33.5,33.5,33.58000183105469,32.75,32.959999084472656,147984,RUSHIL,2025-09
2025-09-18 04:10:00+00:00,33.65999984741211,33.65999984741211,33.7599983215332,33.5,33.5,118856,RUSHIL,2025-09
2025-09-18 04:15:00+00:00,33.31999969482422,33.31999969482422,33.709999084472656,33.25,33.65999984741211,152005,RUSHIL,2025-09
2025-09-18 04:20:00+00:00,33.27000045776367,33.27000045776367,33.38999938964844,33.09000015258789,33.279998779296875,25172,RUSHIL,2025-09
2025-09-18 04:25:00+00:00,33.20000076293945,33.20000076293945,33.310001373291016,33.20000076293945,33.310001373291016,33855,RUSHIL,2025-09
2025-09-18 04:30:00+00:00,33.22999954223633,33.22999954223633,33.22999954223633,33.16999816894531,33.18000030517578,7604,RUSHIL,2025-09
2025-09-18 04:35:00+00:00,33.099998474121094,33.099998474121094,33.220001220703125,33.04999923706055,33.220001220703125,13560,RUSHIL,2025-09
2025-09-18 04:40:00+00:00,33.06999969482422,33.06999969482422,33.119998931884766,32.900001525878906,33.06999969482422,29402,RUSHIL,2025-09
2025-09-18 04:45:00+00:00,32.86000061035156,32.86000061035156,33.13999938964844,32.86000061035156,33.06999969482422,8478,RUSHIL,2025-09
2025-09-18 04:50:00+00:00,32.88999938964844,32.88999938964844,33.040000915527344,32.849998474121094,32.849998474121094,35629,RUSHIL,2025-09
2025-09-18 04:55:00+00:00,33.0,33.0,33.0,32.88999938964844,32.959999084472656,4728,RUSHIL,2025-09
2025-09-18 05:00:00+00:00,33.029998779296875,33.029998779296875,33.08000183105469,32.939998626708984,32.9900016784668,25978,RUSHIL,2025-09
2025-09-18 05:05:00+00:00,33.0099983215332,33.0099983215332,33.040000915527344,32.88999938964844,33.0,6821,RUSHIL,2025-09
2025-09-18 05:10:00+00:00,32.900001525878906,32.900001525878906,33.0,32.900001525878906,32.939998626708984,21576,RUSHIL,2025-09
2025-09-18 05:15:00+00:00,32.9900016784668,32.9900016784668,33.02000045776367,32.9900016784668,33.02000045776367,4820,RUSHIL,2025-09
2025-09-18 05:20:00+00:00,32.939998626708984,32.939998626708984,32.9900016784668,32.88999938964844,32.9900016784668,6746,RUSHIL,2025-09
2025-09-18 05:25:00+00:00,32.959999084472656,32.959999084472656,33.040000915527344,32.939998626708984,32.939998626708984,5793,RUSHIL,2025-09
2025-09-18 05:30:00+00:00,32.95000076293945,32.95000076293945,33.04999923706055,32.95000076293945,32.97999954223633,1277,RUSHIL,2025-09
2025-09-18 05:35:00+00:00,32.86000061035156,32.86000061035156,32.939998626708984,32.79999923706055,32.939998626708984,16056,RUSHIL,2025-09
2025-09-18 05:40:00+00:00,32.84000015258789,32.84000015258789,32.93000030517578,32.79999923706055,32.79999923706055,2628,RUSHIL,2025-09
2025-09-18 05:45:00+00:00,32.88999938964844,32.88999938964844,32.88999938964844,32.79999923706055,32.83000183105469,9689,RUSHIL,2025-09
2025-09-18 05:50:00+00:00,32.79999923706055,32.79999923706055,32.849998474121094,32.79999923706055,32.810001373291016,3315,RUSHIL,2025-09
2025-09-18 05:55:00+00:00,32.84000015258789,32.84000015258789,32.849998474121094,32.79999923706055,32.79999923706055,2353,RUSHIL,2025-09
2025-09-18 06:00:00+00:00,32.810001373291016,32.810001373291016,32.869998931884766,32.79999923706055,32.84000015258789,4532,RUSHIL,2025-09
2025-09-18 06:05:00+00:00,32.79999923706055,32.79999923706055,32.849998474121094,32.79999923706055,32.849998474121094,12893,RUSHIL,2025-09
2025-09-18 06:10:00+00:00,32.95000076293945,32.95000076293945,32.95000076293945,32.79999923706055,32.810001373291016,56109,RUSHIL,2025-09
2025-09-18 06:15:00+00:00,32.880001068115234,32.880001068115234,32.880001068115234,32.81999969482422,32.81999969482422,0,RUSHIL,2025-09
2025-09-18 06:20:00+00:00,32.79999923706055,32.79999923706055,32.869998931884766,32.79999923706055,32.869998931884766,15637,RUSHIL,2025-09
2025-09-18 06:25:00+00:00,32.83000183105469,32.83000183105469,32.869998931884766,32.79999923706055,32.79999923706055,5267,RUSHIL,2025-09
2025-09-18 06:30:00+00:00,32.900001525878906,32.900001525878906,32.900001525878906,32.810001373291016,32.83000183105469,9500,RUSHIL,2025-09
2025-09-18 06:35:00+00:00,32.849998474121094,32.849998474121094,32.88999938964844,32.84000015258789,32.849998474121094,0,RUSHIL,2025-09
2025-09-18 06:40:00+00:00,32.900001525878906,32.900001525878906,32.900001525878906,32.849998474121094,32.88999938964844,3654,RUSHIL,2025-09
2025-09-18 06:45:00+00:00,32.91999816894531,32.91999816894531,32.939998626708984,32.880001068115234,32.900001525878906,14488,RUSHIL,2025-09
2025-09-18 06:50:00+00:00,32.84000015258789,32.84000015258789,32.91999816894531,32.84000015258789,32.91999816894531,13214,RUSHIL,2025-09
2025-09-18 06:55:00+00:00,32.810001373291016,32.810001373291016,32.86000061035156,32.79999923706055,32.79999923706055,2873,RUSHIL,2025-09
2025-09-18 07:00:00+00:00,32.72999954223633,32.72999954223633,32.849998474121094,32.70000076293945,32.810001373291016,27910,RUSHIL,2025-09
2025-09-18 07:05:00+00:00,32.349998474121094,32.349998474121094,32.72999954223633,32.33000183105469,32.709999084472656,66635,RUSHIL,2025-09
2025-09-18 07:10:00+00:00,31.76000022888184,31.76000022888184,32.27000045776367,31.3799991607666,32.27000045776367,227753,RUSHIL,2025-09
2025-09-18 07:15:00+00:00,31.84000015258789,31.84000015258789,32.06999969482422,31.649999618530277,31.84000015258789,101876,RUSHIL,2025-09
2025-09-18 07:20:00+00:00,31.920000076293945,31.920000076293945,32.040000915527344,31.799999237060547,31.799999237060547,29856,RUSHIL,2025-09
2025-09-18 07:25:00+00:00,31.899999618530277,31.899999618530277,31.979999542236328,31.799999237060547,31.959999084472656,24773,RUSHIL,2025-09
2025-09-18 07:30:00+00:00,31.979999542236328,31.979999542236328,31.979999542236328,31.899999618530277,31.959999084472656,15121,RUSHIL,2025-09
2025-09-18 07:35:00+00:00,32.060001373291016,32.060001373291016,32.2400016784668,31.899999618530277,31.950000762939453,22235,RUSHIL,2025-09
2025-09-18 07:40:00+00:00,31.899999618530277,31.899999618530277,32.060001373291016,31.899999618530277,32.060001373291016,13518,RUSHIL,2025-09
2025-09-18 07:45:00+00:00,31.850000381469727,31.850000381469727,31.950000762939453,31.850000381469727,31.950000762939453,13725,RUSHIL,2025-09
2025-09-18 07:50:00+00:00,31.68000030517578,31.68000030517578,31.850000381469727,31.6200008392334,31.850000381469727,34795,RUSHIL,2025-09
2025-09-18 07:55:00+00:00,31.780000686645508,31.780000686645508,31.82999992370605,31.709999084472656,31.71999931335449,6707,RUSHIL,2025-09
2025-09-18 08:00:00+00:00,31.799999237060547,31.799999237060547,31.850000381469727,31.709999084472656,31.739999771118164,9218,RUSHIL,2025-09
2025-09-18 08:05:00+00:00,31.71999931335449,31.71999931335449,31.850000381469727,31.709999084472656,31.850000381469727,2098,RUSHIL,2025-09
2025-09-18 08:10:00+00:00,31.729999542236328,31.729999542236328,31.81999969482422,31.71999931335449,31.780000686645508,2792,RUSHIL,2025-09
2025-09-18 08:15:00+00:00,31.61000061035156,31.61000061035156,31.790000915527344,31.559999465942383,31.729999542236328,10596,RUSHIL,2025-09
2025-09-18 08:20:00+00:00,31.57999992370605,31.57999992370605,31.75,31.450000762939453,31.690000534057617,31481,RUSHIL,2025-09
2025-09-18 08:25:00+00:00,31.690000534057617,31.690000534057617,31.690000534057617,31.600000381469727,31.600000381469727,3469,RUSHIL,2025-09
2025-09-18 08:30:00+00:00,31.700000762939453,31.700000762939453,31.700000762939453,31.649999618530277,31.700000762939453,4100,RUSHIL,2025-09
2025-09-18 08:35:00+00:00,31.770000457763672,31.770000457763672,31.770000457763672,31.68000030517578,31.68000030517578,7142,RUSHIL,2025-09
2025-09-18 08:40:00+00:00,31.700000762939453,31.700000762939453,31.86000061035156,31.700000762939453,31.75,19685,RUSHIL,2025-09
2025-09-18 08:45:00+00:00,31.780000686645508,31.780000686645508,31.780000686645508,31.700000762939453,31.700000762939453,7426,RUSHIL,2025-09
2025-09-18 08:50:00+00:00,31.739999771118164,31.739999771118164,31.75,31.600000381469727,31.709999084472656,6804,RUSHIL,2025-09
2025-09-18 08:55:00+00:00,31.5,31.5,31.700000762939453,31.450000762939453,31.700000762939453,36225,RUSHIL,2025-09
2025-09-18 09:00:00+00:00,31.51000022888184,31.51000022888184,31.549999237060547,31.46999931335449,31.5,12160,RUSHIL,2025-09
2025-09-18 09:05:00+00:00,31.350000381469727,31.350000381469727,31.549999237060547,31.100000381469727,31.51000022888184,82114,RUSHIL,2025-09
2025-09-18 09:10:00+00:00,31.420000076293945,31.420000076293945,31.450000762939453,31.32999992370605,31.3799991607666,14882,RUSHIL,2025-09
2025-09-18 09:15:00+00:00,31.38999938964844,31.38999938964844,31.40999984741211,31.299999237060547,31.399999618530277,4120,RUSHIL,2025-09
2025-09-18 09:20:00+00:00,31.280000686645508,31.280000686645508,31.440000534057617,31.26000022888184,31.399999618530277,13616,RUSHIL,2025-09
2025-09-18 09:25:00+00:00,31.399999618530277,31.399999618530277,31.450000762939453,31.270000457763672,31.280000686645508,25592,RUSHIL,2025-09
2025-09-18 09:30:00+00:00,31.299999237060547,31.299999237060547,31.450000762939453,31.26000022888184,31.399999618530277,32366,RUSHIL,2025-09
2025-09-18 09:35:00+00:00,31.280000686645508,31.280000686645508,31.34000015258789,31.200000762939453,31.34000015258789,52983,RUSHIL,2025-09
2025-09-18 09:40:00+00:00,31.15999984741211,31.15999984741211,31.25,31.049999237060547,31.25,44569,RUSHIL,2025-09
2025-09-18 09:45:00+00:00,30.8799991607666,30.8799991607666,31.190000534057617,30.8799991607666,31.11000061035156,79900,RUSHIL,2025-09
2025-09-18 09:50:00+00:00,30.76000022888184,30.76000022888184,31.0,30.739999771118164,30.899999618530277,119932,RUSHIL,2025-09
2025-09-18 09:55:00+00:00,30.979999542236328,30.979999542236328,30.979999542236328,30.75,30.76000022888184,71438,RUSHIL,2025-09
2025-09-19 03:45:00+00:00,30.899999618530277,30.899999618530277,31.75,30.84000015258789,31.700000762939453,0,RUSHIL,2025-09
2025-09-19 03:50:00+00:00,30.5,30.5,31.0,30.40999984741211,30.899999618530277,127347,RUSHIL,2025-09
2025-09-19 03:55:00+00:00,30.420000076293945,30.420000076293945,30.5,30.309999465942383,30.450000762939453,41612,RUSHIL,2025-09
2025-09-19 04:00:00+00:00,30.32999992370605,30.32999992370605,30.450000762939453,30.25,30.420000076293945,24054,RUSHIL,2025-09
2025-09-19 04:05:00+00:00,30.38999938964844,30.38999938964844,30.399999618530277,30.32999992370605,30.3700008392334,16787,RUSHIL,2025-09
2025-09-19 04:10:00+00:00,30.489999771118164,30.489999771118164,30.489999771118164,30.38999938964844,30.38999938964844,7914,RUSHIL,2025-09
2025-09-19 04:15:00+00:00,30.5,30.5,30.5,30.450000762939453,30.450000762939453,24638,RUSHIL,2025-09
2025-09-19 04:20:00+00:00,30.399999618530277,30.399999618530277,30.5,30.36000061035156,30.5,47653,RUSHIL,2025-09
2025-09-19 04:25:00+00:00,30.450000762939453,30.450000762939453,30.450000762939453,30.350000381469727,30.3799991607666,19102,RUSHIL,2025-09
2025-09-19 04:30:00+00:00,30.40999984741211,30.40999984741211,30.420000076293945,30.36000061035156,30.36000061035156,3283,RUSHIL,2025-09
2025-09-19 04:35:00+00:00,30.479999542236328,30.479999542236328,30.5,30.3700008392334,30.40999984741211,13067,RUSHIL,2025-09
2025-09-19 04:40:00+00:00,30.40999984741211,30.40999984741211,30.46999931335449,30.34000015258789,30.46999931335449,28488,RUSHIL,2025-09
2025-09-19 04:45:00+00:00,30.34000015258789,30.34000015258789,30.420000076293945,30.34000015258789,30.420000076293945,4614,RUSHIL,2025-09
2025-09-19 04:50:00+00:00,30.43000030517578,30.43000030517578,30.440000534057617,30.34000015258789,30.34000015258789,5470,RUSHIL,2025-09
2025-09-19 04:55:00+00:00,30.32999992370605,30.32999992370605,30.399999618530277,30.32999992370605,30.399999618530277,47096,RUSHIL,2025-09
2025-09-19 05:00:00+00:00,30.38999938964844,30.38999938964844,30.399999618530277,30.32999992370605,30.38999938964844,7258,RUSHIL,2025-09
2025-09-19 05:05:00+00:00,30.36000061035156,30.36000061035156,30.40999984741211,30.36000061035156,30.399999618530277,5681,RUSHIL,2025-09
2025-09-19 05:10:00+00:00,30.399999618530277,30.399999618530277,30.5,30.26000022888184,30.399999618530277,56385,RUSHIL,2025-09
2025-09-19 05:15:00+00:00,30.3700008392334,30.3700008392334,30.3700008392334,30.31999969482422,30.31999969482422,209,RUSHIL,2025-09
2025-09-19 05:20:00+00:00,30.40999984741211,30.40999984741211,30.450000762939453,30.3700008392334,30.3700008392334,6000,RUSHIL,2025-09
2025-09-19 05:25:00+00:00,30.270000457763672,30.270000457763672,30.479999542236328,30.270000457763672,30.46999931335449,12255,RUSHIL,2025-09
2025-09-19 05:30:00+00:00,30.299999237060547,30.299999237060547,30.440000534057617,30.299999237060547,30.440000534057617,9206,RUSHIL,2025-09
2025-09-19 05:35:00+00:00,30.309999465942383,30.309999465942383,30.309999465942383,30.25,30.25,10453,RUSHIL,2025-09
2025-09-19 05:40:00+00:00,30.350000381469727,30.350000381469727,30.36000061035156,30.270000457763672,30.270000457763672,12266,RUSHIL,2025-09
2025-09-19 05:45:00+00:00,30.299999237060547,30.299999237060547,30.399999618530277,30.299999237060547,30.38999938964844,5280,RUSHIL,2025-09
2025-09-19 05:50:00+00:00,30.280000686645508,30.280000686645508,30.350000381469727,30.280000686645508,30.350000381469727,9238,RUSHIL,2025-09
2025-09-19 05:55:00+00:00,30.299999237060547,30.299999237060547,30.36000061035156,30.25,30.36000061035156,4363,RUSHIL,2025-09
2025-09-19 06:00:00+00:00,30.31999969482422,30.31999969482422,30.34000015258789,30.26000022888184,30.26000022888184,4224,RUSHIL,2025-09
2025-09-19 06:05:00+00:00,30.31999969482422,30.31999969482422,30.31999969482422,30.25,30.309999465942383,6853,RUSHIL,2025-09
2025-09-19 06:10:00+00:00,30.3799991607666,30.3799991607666,30.3799991607666,30.280000686645508,30.280000686645508,3381,RUSHIL,2025-09
2025-09-19 06:15:00+00:00,30.3799991607666,30.3799991607666,30.3799991607666,30.3799991607666,30.3799991607666,1626,RUSHIL,2025-09
2025-09-19 06:20:00+00:00,30.5,30.5,30.5,30.38999938964844,30.38999938964844,7521,RUSHIL,2025-09
2025-09-19 06:25:00+00:00,30.489999771118164,30.489999771118164,30.489999771118164,30.450000762939453,30.479999542236328,2069,RUSHIL,2025-09
2025-09-19 06:30:00+00:00,30.440000534057617,30.440000534057617,30.489999771118164,30.43000030517578,30.479999542236328,873,RUSHIL,2025-09
2025-09-19 06:35:00+00:00,30.450000762939453,30.450000762939453,30.489999771118164,30.440000534057617,30.489999771118164,2645,RUSHIL,2025-09
2025-09-19 06:40:00+00:00,29.88999938964844,29.88999938964844,30.450000762939453,29.799999237060547,30.450000762939453,154317,RUSHIL,2025-09
2025-09-19 06:45:00+00:00,29.979999542236328,29.979999542236328,30.0,29.88999938964844,29.88999938964844,19551,RUSHIL,2025-09
2025-09-19 06:50:00+00:00,30.0,30.0,30.0,29.959999084472656,29.979999542236328,16490,RUSHIL,2025-09
2025-09-19 06:55:00+00:00,29.989999771118164,29.989999771118164,30.0,29.989999771118164,30.0,565,RUSHIL,2025-09
2025-09-19 07:00:00+00:00,30.0,30.0,30.0,29.979999542236328,29.989999771118164,6528,RUSHIL,2025-09
2025-09-19 07:05:00+00:00,29.959999084472656,29.959999084472656,30.0,29.959999084472656,30.0,24857,RUSHIL,2025-09
2025-09-19 07:10:00+00:00,30.0,30.0,30.0,29.950000762939453,30.0,891,RUSHIL,2025-09
2025-09-19 07:15:00+00:00,30.0,30.0,30.0,29.959999084472656,29.96999931335449,4323,RUSHIL,2025-09
2025-09-19 07:20:00+00:00,29.979999542236328,29.979999542236328,30.0,29.940000534057617,30.0,12546,RUSHIL,2025-09
2025-09-19 07:25:00+00:00,30.0,30.0,30.0,29.979999542236328,29.989999771118164,3752,RUSHIL,2025-09
2025-09-19 07:30:00+00:00,29.989999771118164,29.989999771118164,30.0,29.989999771118164,30.0,7148,RUSHIL,2025-09
2025-09-19 07:35:00+00:00,30.0,30.0,30.0,30.0,30.0,3631,RUSHIL,2025-09
2025-09-19 07:40:00+00:00,30.3700008392334,30.3700008392334,30.3700008392334,30.100000381469727,30.170000076293945,35452,RUSHIL,2025-09
2025-09-19 07:45:00+00:00,30.440000534057617,30.440000534057617,30.479999542236328,30.36000061035156,30.36000061035156,17776,RUSHIL,2025-09
2025-09-19 07:50:00+00:00,30.530000686645508,30.530000686645508,30.549999237060547,30.399999618530277,30.399999618530277,57355,RUSHIL,2025-09
2025-09-19 07:55:00+00:00,30.690000534057617,30.690000534057617,30.75,30.5,30.51000022888184,19641,RUSHIL,2025-09
2025-09-19 08:00:00+00:00,30.600000381469727,30.600000381469727,30.88999938964844,30.26000022888184,30.690000534057617,35589,RUSHIL,2025-09
2025-09-19 08:05:00+00:00,30.670000076293945,30.670000076293945,30.700000762939453,30.559999465942383,30.690000534057617,10094,RUSHIL,2025-09
2025-09-19 08:10:00+00:00,30.65999984741211,30.65999984741211,30.670000076293945,30.51000022888184,30.670000076293945,9620,RUSHIL,2025-09
2025-09-19 08:15:00+00:00,30.65999984741211,30.65999984741211,30.709999084472656,30.649999618530277,30.649999618530277,3341,RUSHIL,2025-09
2025-09-19 08:20:00+00:00,30.5,30.5,30.65999984741211,30.479999542236328,30.65999984741211,4721,RUSHIL,2025-09
2025-09-19 08:25:00+00:00,30.670000076293945,30.670000076293945,30.690000534057617,30.489999771118164,30.5,6892,RUSHIL,2025-09
2025-09-19 08:30:00+00:00,30.670000076293945,30.670000076293945,30.75,30.6200008392334,30.670000076293945,5280,RUSHIL,2025-09
2025-09-19 08:35:00+00:00,31.399999618530277,31.399999618530277,31.399999618530277,30.690000534057617,30.690000534057617,70483,RUSHIL,2025-09
2025-09-19 08:40:00+00:00,31.21999931335449,31.21999931335449,31.38999938964844,31.11000061035156,31.38999938964844,78487,RUSHIL,2025-09
2025-09-19 08:45:00+00:00,31.40999984741211,31.40999984741211,31.43000030517578,31.09000015258789,31.21999931335449,112646,RUSHIL,2025-09
2025-09-19 08:50:00+00:00,31.170000076293945,31.170000076293945,31.40999984741211,31.170000076293945,31.40999984741211,7993,RUSHIL,2025-09
2025-09-19 08:55:00+00:00,31.209999084472656,31.209999084472656,31.25,31.15999984741211,31.170000076293945,7341,RUSHIL,2025-09
2025-09-19 09:00:00+00:00,31.18000030517578,31.18000030517578,31.190000534057617,31.1200008392334,31.190000534057617,9592,RUSHIL,2025-09
2025-09-19 09:05:00+00:00,31.309999465942383,31.309999465942383,31.34000015258789,31.1200008392334,31.13999938964844,16425,RUSHIL,2025-09
2025-09-19 09:10:00+00:00,31.299999237060547,31.299999237060547,31.299999237060547,31.25,31.25,8548,RUSHIL,2025-09
2025-09-19 09:15:00+00:00,31.36000061035156,31.36000061035156,31.38999938964844,31.270000457763672,31.34000015258789,11469,RUSHIL,2025-09
2025-09-19 09:20:00+00:00,31.299999237060547,31.299999237060547,31.36000061035156,31.299999237060547,31.36000061035156,10882,RUSHIL,2025-09
2025-09-19 09:25:00+00:00,31.5,31.5,31.5,31.299999237060547,31.3799991607666,45101,RUSHIL,2025-09
2025-09-19 09:30:00+00:00,31.81999969482422,31.81999969482422,31.979999542236328,31.440000534057617,31.440000534057617,105338,RUSHIL,2025-09
2025-09-19 09:35:00+00:00,31.739999771118164,31.739999771118164,32.099998474121094,31.68000030517578,31.8799991607666,89773,RUSHIL,2025-09
2025-09-19 09:40:00+00:00,31.5,31.5,31.950000762939453,31.459999084472656,31.850000381469727,56164,RUSHIL,2025-09
2025-09-19 09:45:00+00:00,31.559999465942383,31.559999465942383,31.59000015258789,31.440000534057617,31.5,45799,RUSHIL,2025-09
2025-09-19 09:50:00+00:00,31.84000015258789,31.84000015258789,32.0,31.600000381469727,31.600000381469727,87586,RUSHIL,2025-09
2025-09-19 09:55:00+00:00,31.65999984741211,31.65999984741211,32.0,31.65999984741211,31.850000381469727,64858,RUSHIL,2025-09
2025-09-22 03:45:00+00:00,31.479999542236328,31.479999542236328,31.75,31.3799991607666,31.75,0,RUSHIL,2025-09
2025-09-22 03:50:00+00:00,31.5,31.5,31.63999938964844,31.270000457763672,31.6299991607666,64294,RUSHIL,2025-09
2025-09-22 03:55:00+00:00,31.34000015258789,31.34000015258789,31.6200008392334,31.34000015258789,31.479999542236328,39851,RUSHIL,2025-09
2025-09-22 04:00:00+00:00,31.530000686645508,31.530000686645508,31.530000686645508,31.36000061035156,31.36000061035156,27502,RUSHIL,2025-09
2025-09-22 04:05:00+00:00,31.600000381469727,31.600000381469727,31.600000381469727,31.530000686645508,31.530000686645508,11236,RUSHIL,2025-09
2025-09-22 04:10:00+00:00,31.5,31.5,31.600000381469727,31.34000015258789,31.600000381469727,27548,RUSHIL,2025-09
2025-09-22 04:15:00+00:00,31.5,31.5,31.600000381469727,31.5,31.5,9266,RUSHIL,2025-09
2025-09-22 04:20:00+00:00,31.3700008392334,31.3700008392334,31.51000022888184,31.34000015258789,31.51000022888184,9901,RUSHIL,2025-09
2025-09-22 04:25:00+00:00,31.40999984741211,31.40999984741211,31.5,31.38999938964844,31.38999938964844,14267,RUSHIL,2025-09
2025-09-22 04:30:00+00:00,31.38999938964844,31.38999938964844,31.459999084472656,31.38999938964844,31.40999984741211,2131,RUSHIL,2025-09
2025-09-22 04:35:00+00:00,31.350000381469727,31.350000381469727,31.43000030517578,31.299999237060547,31.43000030517578,4817,RUSHIL,2025-09
2025-09-22 04:40:00+00:00,31.149999618530277,31.149999618530277,31.36000061035156,31.13999938964844,31.270000457763672,26449,RUSHIL,2025-09
2025-09-22 04:45:00+00:00,31.13999938964844,31.13999938964844,31.239999771118164,31.11000061035156,31.170000076293945,9704,RUSHIL,2025-09
2025-09-22 04:50:00+00:00,30.96999931335449,30.96999931335449,31.020000457763672,30.88999938964844,31.020000457763672,25215,RUSHIL,2025-09
2025-09-22 04:55:00+00:00,30.899999618530277,30.899999618530277,30.989999771118164,30.559999465942383,30.989999771118164,30118,RUSHIL,2025-09
2025-09-22 05:00:00+00:00,30.989999771118164,30.989999771118164,30.989999771118164,30.88999938964844,30.899999618530277,3073,RUSHIL,2025-09
2025-09-22 05:05:00+00:00,30.899999618530277,30.899999618530277,31.15999984741211,30.899999618530277,31.15999984741211,33623,RUSHIL,2025-09
2025-09-22 05:10:00+00:00,31.059999465942383,31.059999465942383,31.059999465942383,30.8700008392334,30.88999938964844,11575,RUSHIL,2025-09
2025-09-22 05:15:00+00:00,30.790000915527344,30.790000915527344,31.049999237060547,30.68000030517578,30.920000076293945,55879,RUSHIL,2025-09
2025-09-22 05:20:00+00:00,30.709999084472656,30.709999084472656,30.729999542236328,30.700000762939453,30.729999542236328,5119,RUSHIL,2025-09
2025-09-22 05:25:00+00:00,30.729999542236328,30.729999542236328,30.75,30.649999618530277,30.709999084472656,1835,RUSHIL,2025-09
2025-09-22 05:30:00+00:00,30.63999938964844,30.63999938964844,30.739999771118164,30.63999938964844,30.729999542236328,2020,RUSHIL,2025-09
2025-09-22 05:35:00+00:00,30.57999992370605,30.57999992370605,30.71999931335449,30.56999969482422,30.649999618530277,12740,RUSHIL,2025-09
2025-09-22 05:40:00+00:00,30.700000762939453,30.700000762939453,30.700000762939453,30.57999992370605,30.57999992370605,7049,RUSHIL,2025-09
2025-09-22 05:45:00+00:00,30.559999465942383,30.559999465942383,30.770000457763672,30.559999465942383,30.690000534057617,19432,RUSHIL,2025-09
2025-09-22 05:50:00+00:00,30.68000030517578,30.68000030517578,30.700000762939453,30.57999992370605,30.700000762939453,4639,RUSHIL,2025-09
2025-09-22 05:55:00+00:00,30.6200008392334,30.6200008392334,30.700000762939453,30.61000061035156,30.670000076293945,6653,RUSHIL,2025-09
2025-09-22 06:00:00+00:00,30.549999237060547,30.549999237060547,30.690000534057617,30.530000686645508,30.690000534057617,15257,RUSHIL,2025-09
2025-09-22 06:05:00+00:00,30.3700008392334,30.3700008392334,30.530000686645508,30.3700008392334,30.530000686645508,13327,RUSHIL,2025-09
2025-09-22 06:10:00+00:00,30.440000534057617,30.440000534057617,30.65999984741211,30.31999969482422,30.3799991607666,39336,RUSHIL,2025-09
2025-09-22 06:15:00+00:00,30.559999465942383,30.559999465942383,30.57999992370605,30.3700008392334,30.3700008392334,19266,RUSHIL,2025-09
2025-09-22 06:20:00+00:00,30.57999992370605,30.57999992370605,30.6299991607666,30.479999542236328,30.6299991607666,5588,RUSHIL,2025-09
2025-09-22 06:25:00+00:00,30.56999969482422,30.56999969482422,30.57999992370605,30.5,30.51000022888184,2537,RUSHIL,2025-09
2025-09-22 06:30:00+00:00,30.5,30.5,30.57999992370605,30.5,30.56999969482422,8499,RUSHIL,2025-09
2025-09-22 06:35:00+00:00,30.5,30.5,30.51000022888184,30.5,30.51000022888184,1851,RUSHIL,2025-09
2025-09-22 06:40:00+00:00,30.350000381469727,30.350000381469727,30.5,30.350000381469727,30.5,19838,RUSHIL,2025-09
2025-09-22 06:45:00+00:00,30.520000457763672,30.520000457763672,30.520000457763672,30.36000061035156,30.440000534057617,2763,RUSHIL,2025-09
2025-09-22 06:50:00+00:00,30.51000022888184,30.51000022888184,30.559999465942383,30.51000022888184,30.520000457763672,431,RUSHIL,2025-09
2025-09-22 06:55:00+00:00,30.479999542236328,30.479999542236328,30.5,30.46999931335449,30.5,17671,RUSHIL,2025-09
2025-09-22 07:00:00+00:00,30.350000381469727,30.350000381469727,30.459999084472656,30.32999992370605,30.450000762939453,22998,RUSHIL,2025-09
2025-09-22 07:05:00+00:00,30.399999618530277,30.399999618530277,30.399999618530277,30.34000015258789,30.350000381469727,1099,RUSHIL,2025-09
2025-09-22 07:10:00+00:00,30.440000534057617,30.440000534057617,30.440000534057617,30.399999618530277,30.399999618530277,3207,RUSHIL,2025-09
2025-09-22 07:15:00+00:00,30.36000061035156,30.36000061035156,30.440000534057617,30.36000061035156,30.440000534057617,916,RUSHIL,2025-09
2025-09-22 07:20:00+00:00,30.350000381469727,30.350000381469727,30.459999084472656,30.350000381469727,30.36000061035156,7549,RUSHIL,2025-09
2025-09-22 07:25:00+00:00,30.32999992370605,30.32999992370605,30.450000762939453,30.299999237060547,30.450000762939453,13200,RUSHIL,2025-09
2025-09-22 07:30:00+00:00,30.280000686645508,30.280000686645508,30.309999465942383,30.280000686645508,30.299999237060547,8752,RUSHIL,2025-09
2025-09-22 07:35:00+00:00,30.309999465942383,30.309999465942383,30.309999465942383,30.270000457763672,30.270000457763672,9101,RUSHIL,2025-09
2025-09-22 07:40:00+00:00,30.26000022888184,30.26000022888184,30.32999992370605,30.26000022888184,30.32999992370605,2999,RUSHIL,2025-09
2025-09-22 07:45:00+00:00,30.86000061035156,30.86000061035156,30.959999084472656,30.31999969482422,30.32999992370605,129961,RUSHIL,2025-09
2025-09-22 07:50:00+00:00,32.20000076293945,32.20000076293945,32.34000015258789,30.8799991607666,30.950000762939453,232087,RUSHIL,2025-09
2025-09-22 07:55:00+00:00,31.799999237060547,31.799999237060547,32.18000030517578,31.68000030517578,32.18000030517578,88726,RUSHIL,2025-09
2025-09-22 08:00:00+00:00,31.690000534057617,31.690000534057617,31.799999237060547,31.530000686645508,31.799999237060547,20330,RUSHIL,2025-09
2025-09-22 08:05:00+00:00,31.799999237060547,31.799999237060547,31.950000762939453,31.690000534057617,31.690000534057617,34464,RUSHIL,2025-09
2025-09-22 08:10:00+00:00,31.6200008392334,31.6200008392334,31.84000015258789,31.61000061035156,31.75,16486,RUSHIL,2025-09
2025-09-22 08:15:00+00:00,31.600000381469727,31.600000381469727,31.690000534057617,31.549999237060547,31.690000534057617,13068,RUSHIL,2025-09
2025-09-22 08:20:00+00:00,31.56999969482422,31.56999969482422,31.65999984741211,31.549999237060547,31.649999618530277,15958,RUSHIL,2025-09
2025-09-22 08:25:00+00:00,31.63999938964844,31.63999938964844,31.63999938964844,31.5,31.540000915527344,22428,RUSHIL,2025-09
2025-09-22 08:30:00+00:00,31.56999969482422,31.56999969482422,31.649999618530277,31.51000022888184,31.63999938964844,17636,RUSHIL,2025-09
2025-09-22 08:35:00+00:00,31.5,31.5,31.549999237060547,31.5,31.549999237060547,8487,RUSHIL,2025-09
2025-09-22 08:40:00+00:00,31.670000076293945,31.670000076293945,31.71999931335449,31.549999237060547,31.549999237060547,11272,RUSHIL,2025-09
2025-09-22 08:45:00+00:00,31.61000061035156,31.61000061035156,31.709999084472656,31.61000061035156,31.709999084472656,5194,RUSHIL,2025-09
2025-09-22 08:50:00+00:00,31.520000457763672,31.520000457763672,31.600000381469727,31.51000022888184,31.600000381469727,4449,RUSHIL,2025-09
2025-09-22 08:55:00+00:00,31.5,31.5,31.59000015258789,31.5,31.51000022888184,5791,RUSHIL,2025-09
2025-09-22 09:00:00+00:00,31.520000457763672,31.520000457763672,31.540000915527344,31.5,31.5,554,RUSHIL,2025-09
2025-09-22 09:05:00+00:00,31.530000686645508,31.530000686645508,31.530000686645508,31.5,31.5,6726,RUSHIL,2025-09
2025-09-22 09:10:00+00:00,31.530000686645508,31.530000686645508,31.530000686645508,31.5,31.5,27093,RUSHIL,2025-09
2025-09-22 09:15:00+00:00,31.5,31.5,31.530000686645508,31.5,31.5,7033,RUSHIL,2025-09
2025-09-22 09:20:00+00:00,31.549999237060547,31.549999237060547,31.549999237060547,31.5,31.5,11642,RUSHIL,2025-09
2025-09-22 09:25:00+00:00,31.520000457763672,31.520000457763672,31.549999237060547,31.51000022888184,31.549999237060547,5912,RUSHIL,2025-09
2025-09-22 09:30:00+00:00,31.520000457763672,31.520000457763672,31.549999237060547,31.51000022888184,31.520000457763672,6111,RUSHIL,2025-09
2025-09-22 09:35:00+00:00,31.549999237060547,31.549999237060547,31.549999237060547,31.51000022888184,31.520000457763672,14300,RUSHIL,2025-09
2025-09-22 09:40:00+00:00,31.549999237060547,31.549999237060547,31.549999237060547,31.5,31.549999237060547,9682,RUSHIL,2025-09
2025-09-22 09:45:00+00:00,32.310001373291016,32.310001373291016,32.33000183105469,31.51000022888184,31.549999237060547,131191,RUSHIL,2025-09
2025-09-22 09:50:00+00:00,32.2599983215332,32.2599983215332,32.43000030517578,32.25,32.369998931884766,81749,RUSHIL,2025-09
2025-09-22 09:55:00+00:00,32.470001220703125,32.470001220703125,32.58000183105469,31.770000457763672,32.31999969482422,182157,RUSHIL,2025-09
2025-09-23 03:45:00+00:00,32.349998474121094,32.349998474121094,32.47999954223633,32.0099983215332,32.150001525878906,0,RUSHIL,2025-09
2025-09-23 03:50:00+00:00,32.279998779296875,32.279998779296875,32.33000183105469,32.25,32.29999923706055,17087,RUSHIL,2025-09
2025-09-23 03:55:00+00:00,32.27000045776367,32.27000045776367,32.380001068115234,32.27000045776367,32.279998779296875,21024,RUSHIL,2025-09
2025-09-23 04:00:00+00:00,32.099998474121094,32.099998474121094,32.29999923706055,32.099998474121094,32.279998779296875,32014,RUSHIL,2025-09
2025-09-23 04:05:00+00:00,32.099998474121094,32.099998474121094,32.18000030517578,32.099998474121094,32.099998474121094,11185,RUSHIL,2025-09
2025-09-23 04:10:00+00:00,32.22999954223633,32.22999954223633,32.2400016784668,32.11000061035156,32.11000061035156,2103,RUSHIL,2025-09
2025-09-23 04:15:00+00:00,32.15999984741211,32.15999984741211,32.22999954223633,32.15999984741211,32.22999954223633,4185,RUSHIL,2025-09
2025-09-23 04:20:00+00:00,32.119998931884766,32.119998931884766,32.20000076293945,32.119998931884766,32.15999984741211,11672,RUSHIL,2025-09
2025-09-23 04:25:00+00:00,32.119998931884766,32.119998931884766,32.150001525878906,32.119998931884766,32.119998931884766,14439,RUSHIL,2025-09
2025-09-23 04:30:00+00:00,32.20000076293945,32.20000076293945,32.20000076293945,32.119998931884766,32.119998931884766,11658,RUSHIL,2025-09
2025-09-23 04:35:00+00:00,32.36000061035156,32.36000061035156,32.36000061035156,32.220001220703125,32.220001220703125,2235,RUSHIL,2025-09
2025-09-23 04:40:00+00:00,32.279998779296875,32.279998779296875,32.349998474121094,32.279998779296875,32.290000915527344,1374,RUSHIL,2025-09
2025-09-23 04:45:00+00:00,32.119998931884766,32.119998931884766,32.34000015258789,32.119998931884766,32.34000015258789,54778,RUSHIL,2025-09
2025-09-23 04:50:00+00:00,31.75,31.75,32.119998931884766,31.690000534057617,32.119998931884766,68362,RUSHIL,2025-09
2025-09-23 04:55:00+00:00,31.770000457763672,31.770000457763672,31.899999618530277,31.709999084472656,31.739999771118164,23942,RUSHIL,2025-09
2025-09-23 05:00:00+00:00,31.790000915527344,31.790000915527344,31.850000381469727,31.71999931335449,31.71999931335449,12644,RUSHIL,2025-09
2025-09-23 05:05:00+00:00,31.649999618530277,31.649999618530277,31.75,31.56999969482422,31.75,13236,RUSHIL,2025-09
2025-09-23 05:10:00+00:00,31.739999771118164,31.739999771118164,31.799999237060547,31.57999992370605,31.649999618530277,27328,RUSHIL,2025-09
2025-09-23 05:15:00+00:00,31.670000076293945,31.670000076293945,31.739999771118164,31.670000076293945,31.68000030517578,2628,RUSHIL,2025-09
2025-09-23 05:20:00+00:00,31.600000381469727,31.600000381469727,31.68000030517578,31.600000381469727,31.670000076293945,6752,RUSHIL,2025-09
2025-09-23 05:25:00+00:00,31.63999938964844,31.63999938964844,31.63999938964844,31.59000015258789,31.59000015258789,1039,RUSHIL,2025-09
2025-09-23 05:30:00+00:00,31.65999984741211,31.65999984741211,31.68000030517578,31.57999992370605,31.68000030517578,2636,RUSHIL,2025-09
2025-09-23 05:35:00+00:00,31.61000061035156,31.61000061035156,31.6299991607666,31.559999465942383,31.57999992370605,10241,RUSHIL,2025-09
2025-09-23 05:40:00+00:00,31.559999465942383,31.559999465942383,31.6200008392334,31.559999465942383,31.559999465942383,2091,RUSHIL,2025-09
2025-09-23 05:45:00+00:00,31.399999618530277,31.399999618530277,31.59000015258789,31.36000061035156,31.5,11957,RUSHIL,2025-09
2025-09-23 05:50:00+00:00,31.690000534057617,31.690000534057617,31.690000534057617,31.399999618530277,31.51000022888184,5950,RUSHIL,2025-09
2025-09-23 05:55:00+00:00,31.690000534057617,31.690000534057617,31.739999771118164,31.690000534057617,31.690000534057617,915,RUSHIL,2025-09
2025-09-23 06:00:00+00:00,31.739999771118164,31.739999771118164,31.739999771118164,31.690000534057617,31.709999084472656,234,RUSHIL,2025-09
2025-09-23 06:05:00+00:00,31.700000762939453,31.700000762939453,31.739999771118164,31.690000534057617,31.690000534057617,1519,RUSHIL,2025-09
2025-09-23 06:10:00+00:00,31.690000534057617,31.690000534057617,31.700000762939453,31.690000534057617,31.700000762939453,703,RUSHIL,2025-09
2025-09-23 06:15:00+00:00,31.670000076293945,31.670000076293945,31.690000534057617,31.559999465942383,31.690000534057617,1447,RUSHIL,2025-09
2025-09-23 06:20:00+00:00,31.75,31.75,31.76000022888184,31.75,31.75,8914,RUSHIL,2025-09
2025-09-23 06:25:00+00:00,31.63999938964844,31.63999938964844,31.75,31.63999938964844,31.75,5406,RUSHIL,2025-09
2025-09-23 06:30:00+00:00,31.700000762939453,31.700000762939453,31.770000457763672,31.700000762939453,31.71999931335449,1437,RUSHIL,2025-09
2025-09-23 06:35:00+00:00,31.65999984741211,31.65999984741211,31.700000762939453,31.65999984741211,31.700000762939453,1134,RUSHIL,2025-09
2025-09-23 06:40:00+00:00,31.670000076293945,31.670000076293945,31.75,31.670000076293945,31.75,373,RUSHIL,2025-09
2025-09-23 06:45:00+00:00,31.530000686645508,31.530000686645508,31.75,31.51000022888184,31.670000076293945,14152,RUSHIL,2025-09
2025-09-23 06:50:00+00:00,31.600000381469727,31.600000381469727,31.68000030517578,31.540000915527344,31.540000915527344,3598,RUSHIL,2025-09
2025-09-23 06:55:00+00:00,31.530000686645508,31.530000686645508,31.76000022888184,31.530000686645508,31.76000022888184,10273,RUSHIL,2025-09
2025-09-23 07:00:00+00:00,31.690000534057617,31.690000534057617,31.690000534057617,31.559999465942383,31.63999938964844,3512,RUSHIL,2025-09
2025-09-23 07:05:00+00:00,31.690000534057617,31.690000534057617,31.690000534057617,31.57999992370605,31.57999992370605,1430,RUSHIL,2025-09
2025-09-23 07:10:00+00:00,31.709999084472656,31.709999084472656,31.709999084472656,31.649999618530277,31.700000762939453,3333,RUSHIL,2025-09
2025-09-23 07:15:00+00:00,31.75,31.75,31.75,31.709999084472656,31.739999771118164,3089,RUSHIL,2025-09
2025-09-23 07:20:00+00:00,31.86000061035156,31.86000061035156,31.950000762939453,31.700000762939453,31.709999084472656,40100,RUSHIL,2025-09
2025-09-23 07:25:00+00:00,31.86000061035156,31.86000061035156,31.86000061035156,31.86000061035156,31.86000061035156,0,RUSHIL,2025-09
2025-09-23 07:30:00+00:00,31.84000015258789,31.84000015258789,31.84000015258789,31.799999237060547,31.799999237060547,124,RUSHIL,2025-09
2025-09-23 07:35:00+00:00,32.060001373291016,32.060001373291016,32.060001373291016,31.799999237060547,31.86000061035156,14883,RUSHIL,2025-09
2025-09-23 07:40:00+00:00,31.950000762939453,31.950000762939453,32.18000030517578,31.950000762939453,32.099998474121094,41493,RUSHIL,2025-09
2025-09-23 07:45:00+00:00,31.899999618530277,31.899999618530277,31.950000762939453,31.899999618530277,31.950000762939453,0,RUSHIL,2025-09
2025-09-23 07:50:00+00:00,31.920000076293945,31.920000076293945,31.93000030517578,31.799999237060547,31.93000030517578,6908,RUSHIL,2025-09
2025-09-23 07:55:00+00:00,32.0099983215332,32.0099983215332,32.0099983215332,31.81999969482422,31.81999969482422,5287,RUSHIL,2025-09
2025-09-23 08:00:00+00:00,31.979999542236328,31.979999542236328,32.0099983215332,31.979999542236328,32.0099983215332,62,RUSHIL,2025-09
2025-09-23 08:05:00+00:00,31.93000030517578,31.93000030517578,31.93000030517578,31.850000381469727,31.88999938964844,1620,RUSHIL,2025-09
2025-09-23 08:10:00+00:00,31.90999984741211,31.90999984741211,31.950000762939453,31.90999984741211,31.93000030517578,5580,RUSHIL,2025-09
2025-09-23 08:15:00+00:00,31.88999938964844,31.88999938964844,31.899999618530277,31.88999938964844,31.899999618530277,0,RUSHIL,2025-09
2025-09-23 08:20:00+00:00,32.119998931884766,32.119998931884766,32.119998931884766,31.979999542236328,31.979999542236328,6094,RUSHIL,2025-09
2025-09-23 08:25:00+00:00,31.959999084472656,31.959999084472656,31.96999931335449,31.959999084472656,31.959999084472656,1660,RUSHIL,2025-09
2025-09-23 08:30:00+00:00,31.979999542236328,31.979999542236328,31.979999542236328,31.959999084472656,31.979999542236328,3879,RUSHIL,2025-09
2025-09-23 08:35:00+00:00,32.0,32.0,32.0,31.979999542236328,31.979999542236328,5604,RUSHIL,2025-09
2025-09-23 08:40:00+00:00,32.150001525878906,32.150001525878906,32.150001525878906,32.04999923706055,32.04999923706055,6900,RUSHIL,2025-09
2025-09-23 08:45:00+00:00,32.060001373291016,32.060001373291016,32.130001068115234,32.060001373291016,32.130001068115234,0,RUSHIL,2025-09
2025-09-23 08:50:00+00:00,32.0099983215332,32.0099983215332,32.060001373291016,32.0099983215332,32.060001373291016,1005,RUSHIL,2025-09
2025-09-23 08:55:00+00:00,32.0099983215332,32.0099983215332,32.0099983215332,32.0099983215332,32.0099983215332,6074,RUSHIL,2025-09
2025-09-23 09:00:00+00:00,31.82999992370605,31.82999992370605,31.979999542236328,31.71999931335449,31.979999542236328,27332,RUSHIL,2025-09
2025-09-23 09:05:00+00:00,31.780000686645508,31.780000686645508,31.8799991607666,31.770000457763672,31.8799991607666,7866,RUSHIL,2025-09
2025-09-23 09:10:00+00:00,31.690000534057617,31.690000534057617,31.770000457763672,31.690000534057617,31.770000457763672,121,RUSHIL,2025-09
2025-09-23 09:15:00+00:00,31.790000915527344,31.790000915527344,31.790000915527344,31.76000022888184,31.770000457763672,1131,RUSHIL,2025-09
2025-09-23 09:20:00+00:00,31.809999465942383,31.809999465942383,31.809999465942383,31.76000022888184,31.76000022888184,1739,RUSHIL,2025-09
2025-09-23 09:25:00+00:00,31.59000015258789,31.59000015258789,31.88999938964844,31.59000015258789,31.88999938964844,13723,RUSHIL,2025-09
2025-09-23 09:30:00+00:00,31.780000686645508,31.780000686645508,31.88999938964844,31.649999618530277,31.649999618530277,26844,RUSHIL,2025-09
2025-09-23 09:35:00+00:00,31.59000015258789,31.59000015258789,31.899999618530277,31.59000015258789,31.799999237060547,12250,RUSHIL,2025-09
2025-09-23 09:40:00+00:00,31.549999237060547,31.549999237060547,31.700000762939453,31.549999237060547,31.59000015258789,8184,RUSHIL,2025-09
2025-09-23 09:45:00+00:00,31.11000061035156,31.11000061035156,31.600000381469727,31.11000061035156,31.59000015258789,44201,RUSHIL,2025-09
2025-09-23 09:50:00+00:00,30.86000061035156,30.86000061035156,31.190000534057617,30.780000686645508,31.11000061035156,100702,RUSHIL,2025-09
2025-09-23 09:55:00+00:00,31.190000534057617,31.190000534057617,31.190000534057617,30.82999992370605,30.86000061035156,41992,RUSHIL,2025-09
2025-09-24 03:45:00+00:00,31.020000457763672,31.020000457763672,31.399999618530277,31.020000457763672,31.25,0,RUSHIL,2025-09
2025-09-24 03:50:00+00:00,31.200000762939453,31.200000762939453,31.200000762939453,30.979999542236328,30.979999542236328,6674,RUSHIL,2025-09
2025-09-24 03:55:00+00:00,31.209999084472656,31.209999084472656,31.43000030517578,31.200000762939453,31.43000030517578,11749,RUSHIL,2025-09
2025-09-24 04:00:00+00:00,32.06999969482422,32.06999969482422,32.25,31.51000022888184,31.649999618530277,176378,RUSHIL,2025-09
2025-09-24 04:05:00+00:00,32.150001525878906,32.150001525878906,32.38999938964844,32.0,32.0,69145,RUSHIL,2025-09
2025-09-24 04:10:00+00:00,31.86000061035156,31.86000061035156,32.220001220703125,31.86000061035156,32.150001525878906,21255,RUSHIL,2025-09
2025-09-24 04:15:00+00:00,32.20000076293945,32.20000076293945,32.2400016784668,31.899999618530277,31.899999618530277,16817,RUSHIL,2025-09
2025-09-24 04:20:00+00:00,32.279998779296875,32.279998779296875,32.47999954223633,32.16999816894531,32.22999954223633,39918,RUSHIL,2025-09
2025-09-24 04:25:00+00:00,32.099998474121094,32.099998474121094,32.290000915527344,32.099998474121094,32.279998779296875,28542,RUSHIL,2025-09
2025-09-24 04:30:00+00:00,32.11000061035156,32.11000061035156,32.130001068115234,32.099998474121094,32.11000061035156,6578,RUSHIL,2025-09
2025-09-24 04:35:00+00:00,31.959999084472656,31.959999084472656,32.18000030517578,31.959999084472656,32.099998474121094,30422,RUSHIL,2025-09
2025-09-24 04:40:00+00:00,31.96999931335449,31.96999931335449,31.979999542236328,31.799999237060547,31.959999084472656,12184,RUSHIL,2025-09
2025-09-24 04:45:00+00:00,31.940000534057617,31.940000534057617,32.040000915527344,31.8799991607666,31.940000534057617,5522,RUSHIL,2025-09
2025-09-24 04:50:00+00:00,31.850000381469727,31.850000381469727,31.940000534057617,31.84000015258789,31.940000534057617,8046,RUSHIL,2025-09
2025-09-24 04:55:00+00:00,32.08000183105469,32.08000183105469,32.08000183105469,31.850000381469727,31.850000381469727,8647,RUSHIL,2025-09
2025-09-24 05:00:00+00:00,32.09000015258789,32.09000015258789,32.09000015258789,32.0,32.0,3221,RUSHIL,2025-09
2025-09-24 05:05:00+00:00,31.90999984741211,31.90999984741211,32.029998779296875,31.770000457763672,32.029998779296875,41930,RUSHIL,2025-09
2025-09-24 05:10:00+00:00,31.989999771118164,31.989999771118164,31.989999771118164,31.850000381469727,31.850000381469727,2389,RUSHIL,2025-09
2025-09-24 05:15:00+00:00,31.989999771118164,31.989999771118164,31.989999771118164,31.989999771118164,31.989999771118164,762,RUSHIL,2025-09
2025-09-24 05:20:00+00:00,31.979999542236328,31.979999542236328,31.979999542236328,31.899999618530277,31.979999542236328,110,RUSHIL,2025-09
2025-09-24 05:25:00+00:00,31.809999465942383,31.809999465942383,31.899999618530277,31.809999465942383,31.899999618530277,1097,RUSHIL,2025-09
2025-09-24 05:30:00+00:00,31.71999931335449,31.71999931335449,31.86000061035156,31.690000534057617,31.86000061035156,9041,RUSHIL,2025-09
2025-09-24 05:35:00+00:00,31.700000762939453,31.700000762939453,31.81999969482422,31.690000534057617,31.709999084472656,3941,RUSHIL,2025-09
2025-09-24 05:40:00+00:00,31.63999938964844,31.63999938964844,31.75,31.63999938964844,31.690000534057617,3653,RUSHIL,2025-09
2025-09-24 05:45:00+00:00,31.700000762939453,31.700000762939453,31.780000686645508,31.6200008392334,31.63999938964844,3796,RUSHIL,2025-09
2025-09-24 05:50:00+00:00,31.57999992370605,31.57999992370605,31.770000457763672,31.57999992370605,31.649999618530277,17063,RUSHIL,2025-09
2025-09-24 05:55:00+00:00,31.6299991607666,31.6299991607666,31.6299991607666,31.57999992370605,31.57999992370605,404,RUSHIL,2025-09
2025-09-24 06:00:00+00:00,31.440000534057617,31.440000534057617,31.6299991607666,31.420000076293945,31.600000381469727,22409,RUSHIL,2025-09
2025-09-24 06:05:00+00:00,31.5,31.5,31.5,31.420000076293945,31.420000076293945,3420,RUSHIL,2025-09
2025-09-24 06:10:00+00:00,31.399999618530277,31.399999618530277,31.5,31.399999618530277,31.5,605,RUSHIL,2025-09
2025-09-24 06:15:00+00:00,31.40999984741211,31.40999984741211,31.5,31.399999618530277,31.479999542236328,3036,RUSHIL,2025-09
2025-09-24 06:20:00+00:00,31.40999984741211,31.40999984741211,31.530000686645508,31.399999618530277,31.40999984741211,2373,RUSHIL,2025-09
2025-09-24 06:25:00+00:00,31.5,31.5,31.5,31.399999618530277,31.40999984741211,645,RUSHIL,2025-09
2025-09-24 06:30:00+00:00,31.489999771118164,31.489999771118164,31.549999237060547,31.309999465942383,31.549999237060547,22549,RUSHIL,2025-09
2025-09-24 06:35:00+00:00,31.38999938964844,31.38999938964844,31.479999542236328,31.350000381469727,31.38999938964844,4697,RUSHIL,2025-09
2025-09-24 06:40:00+00:00,31.309999465942383,31.309999465942383,31.3799991607666,31.309999465942383,31.3799991607666,372,RUSHIL,2025-09
2025-09-24 06:45:00+00:00,31.3799991607666,31.3799991607666,31.440000534057617,31.3799991607666,31.399999618530277,19830,RUSHIL,2025-09
2025-09-24 06:50:00+00:00,31.399999618530277,31.399999618530277,31.399999618530277,31.399999618530277,31.399999618530277,10182,RUSHIL,2025-09
2025-09-24 06:55:00+00:00,31.3799991607666,31.3799991607666,31.3799991607666,31.3799991607666,31.3799991607666,93,RUSHIL,2025-09
2025-09-24 07:00:00+00:00,31.280000686645508,31.280000686645508,31.3799991607666,31.25,31.3799991607666,22571,RUSHIL,2025-09
2025-09-24 07:05:00+00:00,31.299999237060547,31.299999237060547,31.299999237060547,31.280000686645508,31.280000686645508,306,RUSHIL,2025-09
2025-09-24 07:10:00+00:00,31.299999237060547,31.299999237060547,31.299999237060547,31.280000686645508,31.290000915527344,1466,RUSHIL,2025-09
2025-09-24 07:15:00+00:00,31.299999237060547,31.299999237060547,31.299999237060547,31.299999237060547,31.299999237060547,9903,RUSHIL,2025-09
2025-09-24 07:20:00+00:00,31.309999465942383,31.309999465942383,31.3799991607666,31.309999465942383,31.309999465942383,1263,RUSHIL,2025-09
2025-09-24 07:25:00+00:00,31.43000030517578,31.43000030517578,31.43000030517578,31.350000381469727,31.350000381469727,1137,RUSHIL,2025-09
2025-09-24 07:30:00+00:00,31.3799991607666,31.3799991607666,31.450000762939453,31.3799991607666,31.450000762939453,3701,RUSHIL,2025-09
2025-09-24 07:35:00+00:00,31.440000534057617,31.440000534057617,31.450000762939453,31.3700008392334,31.450000762939453,1620,RUSHIL,2025-09
2025-09-24 07:40:00+00:00,31.309999465942383,31.309999465942383,31.440000534057617,31.309999465942383,31.440000534057617,2597,RUSHIL,2025-09
2025-09-24 07:45:00+00:00,31.350000381469727,31.350000381469727,31.420000076293945,31.31999969482422,31.38999938964844,1922,RUSHIL,2025-09
2025-09-24 07:50:00+00:00,31.32999992370605,31.32999992370605,31.420000076293945,31.32999992370605,31.420000076293945,2348,RUSHIL,2025-09
2025-09-24 07:55:00+00:00,31.40999984741211,31.40999984741211,31.40999984741211,31.32999992370605,31.32999992370605,1009,RUSHIL,2025-09
2025-09-24 08:00:00+00:00,31.43000030517578,31.43000030517578,31.43000030517578,31.43000030517578,31.43000030517578,6110,RUSHIL,2025-09
2025-09-24 08:05:00+00:00,31.420000076293945,31.420000076293945,31.420000076293945,31.420000076293945,31.420000076293945,651,RUSHIL,2025-09
2025-09-24 08:10:00+00:00,31.350000381469727,31.350000381469727,31.350000381469727,31.350000381469727,31.350000381469727,0,RUSHIL,2025-09
2025-09-24 08:15:00+00:00,31.34000015258789,31.34000015258789,31.350000381469727,31.239999771118164,31.350000381469727,10788,RUSHIL,2025-09
2025-09-24 08:20:00+00:00,31.170000076293945,31.170000076293945,31.309999465942383,31.170000076293945,31.309999465942383,31222,RUSHIL,2025-09
2025-09-24 08:25:00+00:00,31.299999237060547,31.299999237060547,31.299999237060547,31.229999542236328,31.229999542236328,943,RUSHIL,2025-09
2025-09-24 08:30:00+00:00,31.299999237060547,31.299999237060547,31.299999237060547,31.190000534057617,31.190000534057617,2790,RUSHIL,2025-09
2025-09-24 08:35:00+00:00,31.299999237060547,31.299999237060547,31.299999237060547,31.299999237060547,31.299999237060547,4706,RUSHIL,2025-09
2025-09-24 08:40:00+00:00,31.299999237060547,31.299999237060547,31.299999237060547,31.299999237060547,31.299999237060547,1798,RUSHIL,2025-09
2025-09-24 08:45:00+00:00,31.299999237060547,31.299999237060547,31.299999237060547,31.299999237060547,31.299999237060547,150,RUSHIL,2025-09
2025-09-24 08:50:00+00:00,31.229999542236328,31.229999542236328,31.299999237060547,31.229999542236328,31.229999542236328,3400,RUSHIL,2025-09
2025-09-24 08:55:00+00:00,31.190000534057617,31.190000534057617,31.229999542236328,31.18000030517578,31.229999542236328,65,RUSHIL,2025-09
2025-09-24 09:00:00+00:00,31.299999237060547,31.299999237060547,31.299999237060547,31.200000762939453,31.200000762939453,2554,RUSHIL,2025-09
2025-09-24 09:05:00+00:00,31.239999771118164,31.239999771118164,31.299999237060547,31.239999771118164,31.299999237060547,280,RUSHIL,2025-09
2025-09-24 09:10:00+00:00,31.1200008392334,31.1200008392334,31.200000762939453,31.1200008392334,31.200000762939453,22951,RUSHIL,2025-09
2025-09-24 09:15:00+00:00,31.18000030517578,31.18000030517578,31.190000534057617,31.100000381469727,31.1200008392334,2748,RUSHIL,2025-09
2025-09-24 09:20:00+00:00,31.13999938964844,31.13999938964844,31.25,31.1299991607666,31.190000534057617,3062,RUSHIL,2025-09
2025-09-24 09:25:00+00:00,31.1299991607666,31.1299991607666,31.270000457763672,31.1200008392334,31.270000457763672,4504,RUSHIL,2025-09
2025-09-24 09:30:00+00:00,31.229999542236328,31.229999542236328,31.229999542236328,31.13999938964844,31.13999938964844,152,RUSHIL,2025-09
2025-09-24 09:35:00+00:00,31.190000534057617,31.190000534057617,31.25,31.13999938964844,31.25,9659,RUSHIL,2025-09
2025-09-24 09:40:00+00:00,31.25,31.25,31.25,31.149999618530277,31.18000030517578,14110,RUSHIL,2025-09
2025-09-24 09:45:00+00:00,31.190000534057617,31.190000534057617,31.25,31.170000076293945,31.170000076293945,20332,RUSHIL,2025-09
2025-09-24 09:50:00+00:00,30.93000030517578,30.93000030517578,31.149999618530277,30.850000381469727,31.149999618530277,35530,RUSHIL,2025-09
2025-09-24 09:55:00+00:00,30.850000381469727,30.850000381469727,31.100000381469727,30.850000381469727,30.93000030517578,25292,RUSHIL,2025-09
2025-09-25 03:45:00+00:00,31.34000015258789,31.34000015258789,31.36000061035156,31.020000457763672,31.049999237060547,0,RUSHIL,2025-09
2025-09-25 03:50:00+00:00,31.36000061035156,31.36000061035156,31.399999618530277,31.270000457763672,31.32999992370605,7628,RUSHIL,2025-09
2025-09-25 03:55:00+00:00,31.200000762939453,31.200000762939453,31.40999984741211,31.200000762939453,31.40999984741211,3302,RUSHIL,2025-09
2025-09-25 04:00:00+00:00,31.299999237060547,31.299999237060547,31.31999969482422,31.190000534057617,31.190000534057617,36783,RUSHIL,2025-09
2025-09-25 04:05:00+00:00,31.229999542236328,31.229999542236328,31.290000915527344,31.190000534057617,31.280000686645508,13791,RUSHIL,2025-09
2025-09-25 04:10:00+00:00,31.32999992370605,31.32999992370605,31.350000381469727,31.229999542236328,31.229999542236328,6500,RUSHIL,2025-09
2025-09-25 04:15:00+00:00,31.200000762939453,31.200000762939453,31.280000686645508,31.200000762939453,31.270000457763672,3710,RUSHIL,2025-09
2025-09-25 04:20:00+00:00,31.299999237060547,31.299999237060547,31.299999237060547,31.200000762939453,31.200000762939453,8767,RUSHIL,2025-09
2025-09-25 04:25:00+00:00,31.350000381469727,31.350000381469727,31.350000381469727,31.31999969482422,31.350000381469727,599,RUSHIL,2025-09
2025-09-25 04:30:00+00:00,31.350000381469727,31.350000381469727,31.43000030517578,31.299999237060547,31.399999618530277,11648,RUSHIL,2025-09
2025-09-25 04:35:00+00:00,31.290000915527344,31.290000915527344,31.350000381469727,31.290000915527344,31.299999237060547,920,RUSHIL,2025-09
2025-09-25 04:40:00+00:00,31.34000015258789,31.34000015258789,31.350000381469727,31.290000915527344,31.290000915527344,2807,RUSHIL,2025-09
2025-09-25 04:45:00+00:00,31.200000762939453,31.200000762939453,31.34000015258789,31.200000762939453,31.34000015258789,5913,RUSHIL,2025-09
2025-09-25 04:50:00+00:00,31.25,31.25,31.25,31.209999084472656,31.25,12,RUSHIL,2025-09
2025-09-25 04:55:00+00:00,31.209999084472656,31.209999084472656,31.25,31.209999084472656,31.25,264,RUSHIL,2025-09
2025-09-25 05:00:00+00:00,31.209999084472656,31.209999084472656,31.290000915527344,31.209999084472656,31.21999931335449,619,RUSHIL,2025-09
2025-09-25 05:05:00+00:00,31.209999084472656,31.209999084472656,31.209999084472656,31.209999084472656,31.209999084472656,618,RUSHIL,2025-09
2025-09-25 05:10:00+00:00,31.049999237060547,31.049999237060547,31.209999084472656,31.049999237060547,31.209999084472656,46349,RUSHIL,2025-09
2025-09-25 05:15:00+00:00,30.940000534057617,30.940000534057617,31.07999992370605,30.940000534057617,31.06999969482422,4744,RUSHIL,2025-09
2025-09-25 05:20:00+00:00,30.989999771118164,30.989999771118164,31.0,30.93000030517578,30.989999771118164,0,RUSHIL,2025-09
2025-09-25 05:25:00+00:00,30.899999618530277,30.899999618530277,30.989999771118164,30.850000381469727,30.989999771118164,9020,RUSHIL,2025-09
2025-09-25 05:30:00+00:00,30.989999771118164,30.989999771118164,30.989999771118164,30.899999618530277,30.899999618530277,1054,RUSHIL,2025-09
2025-09-25 05:35:00+00:00,30.950000762939453,30.950000762939453,30.950000762939453,30.940000534057617,30.940000534057617,346,RUSHIL,2025-09
2025-09-25 05:40:00+00:00,30.809999465942383,30.809999465942383,30.86000061035156,30.799999237060547,30.86000061035156,7336,RUSHIL,2025-09
2025-09-25 05:45:00+00:00,30.76000022888184,30.76000022888184,30.799999237060547,30.76000022888184,30.799999237060547,3937,RUSHIL,2025-09
2025-09-25 05:50:00+00:00,30.799999237060547,30.799999237060547,30.84000015258789,30.76000022888184,30.76000022888184,594,RUSHIL,2025-09
2025-09-25 05:55:00+00:00,30.799999237060547,30.799999237060547,30.799999237060547,30.790000915527344,30.799999237060547,2784,RUSHIL,2025-09
2025-09-25 06:00:00+00:00,30.799999237060547,30.799999237060547,30.8799991607666,30.799999237060547,30.850000381469727,20945,RUSHIL,2025-09
2025-09-25 06:05:00+00:00,30.76000022888184,30.76000022888184,30.799999237060547,30.76000022888184,30.799999237060547,0,RUSHIL,2025-09
2025-09-25 06:10:00+00:00,30.700000762939453,30.700000762939453,30.76000022888184,30.700000762939453,30.76000022888184,143,RUSHIL,2025-09
2025-09-25 06:15:00+00:00,30.65999984741211,30.65999984741211,30.700000762939453,30.65999984741211,30.700000762939453,152,RUSHIL,2025-09
2025-09-25 06:20:00+00:00,30.700000762939453,30.700000762939453,30.700000762939453,30.68000030517578,30.68000030517578,273,RUSHIL,2025-09
2025-09-25 06:25:00+00:00,30.600000381469727,30.600000381469727,30.649999618530277,30.559999465942383,30.61000061035156,3939,RUSHIL,2025-09
2025-09-25 06:30:00+00:00,30.600000381469727,30.600000381469727,30.739999771118164,30.549999237060547,30.600000381469727,35217,RUSHIL,2025-09
2025-09-25 06:35:00+00:00,30.600000381469727,30.600000381469727,30.61000061035156,30.600000381469727,30.61000061035156,813,RUSHIL,2025-09
2025-09-25 06:40:00+00:00,30.559999465942383,30.559999465942383,30.63999938964844,30.559999465942383,30.63999938964844,2087,RUSHIL,2025-09
2025-09-25 06:45:00+00:00,30.450000762939453,30.450000762939453,30.559999465942383,30.450000762939453,30.559999465942383,4317,RUSHIL,2025-09
2025-09-25 06:50:00+00:00,30.399999618530277,30.399999618530277,30.5,30.399999618530277,30.420000076293945,10135,RUSHIL,2025-09
2025-09-25 06:55:00+00:00,30.450000762939453,30.450000762939453,30.450000762939453,30.43000030517578,30.440000534057617,2619,RUSHIL,2025-09
2025-09-25 07:00:00+00:00,30.5,30.5,30.5,30.399999618530277,30.479999542236328,6911,RUSHIL,2025-09
2025-09-25 07:05:00+00:00,30.549999237060547,30.549999237060547,30.549999237060547,30.5,30.520000457763672,4655,RUSHIL,2025-09
2025-09-25 07:10:00+00:00,30.520000457763672,30.520000457763672,30.57999992370605,30.520000457763672,30.520000457763672,14322,RUSHIL,2025-09
2025-09-25 07:15:00+00:00,30.450000762939453,30.450000762939453,30.450000762939453,30.450000762939453,30.450000762939453,6198,RUSHIL,2025-09
2025-09-25 07:20:00+00:00,30.450000762939453,30.450000762939453,30.5,30.450000762939453,30.5,4612,RUSHIL,2025-09
2025-09-25 07:25:00+00:00,30.420000076293945,30.420000076293945,30.5,30.420000076293945,30.450000762939453,2191,RUSHIL,2025-09
2025-09-25 07:30:00+00:00,30.440000534057617,30.440000534057617,30.440000534057617,30.399999618530277,30.420000076293945,2662,RUSHIL,2025-09
2025-09-25 07:35:00+00:00,30.450000762939453,30.450000762939453,30.530000686645508,30.440000534057617,30.440000534057617,3724,RUSHIL,2025-09
2025-09-25 07:40:00+00:00,30.540000915527344,30.540000915527344,30.540000915527344,30.450000762939453,30.520000457763672,1911,RUSHIL,2025-09
2025-09-25 07:45:00+00:00,30.540000915527344,30.540000915527344,30.540000915527344,30.530000686645508,30.530000686645508,614,RUSHIL,2025-09
2025-09-25 07:50:00+00:00,30.450000762939453,30.450000762939453,30.5,30.450000762939453,30.5,2658,RUSHIL,2025-09
2025-09-25 07:55:00+00:00,30.450000762939453,30.450000762939453,30.450000762939453,30.450000762939453,30.450000762939453,21,RUSHIL,2025-09
2025-09-25 08:00:00+00:00,30.540000915527344,30.540000915527344,30.540000915527344,30.399999618530277,30.450000762939453,6242,RUSHIL,2025-09
2025-09-25 08:05:00+00:00,30.5,30.5,30.549999237060547,30.5,30.549999237060547,4195,RUSHIL,2025-09
2025-09-25 08:10:00+00:00,30.5,30.5,30.549999237060547,30.5,30.5,1410,RUSHIL,2025-09
2025-09-25 08:15:00+00:00,30.549999237060547,30.549999237060547,30.549999237060547,30.5,30.549999237060547,1876,RUSHIL,2025-09
2025-09-25 08:20:00+00:00,30.600000381469727,30.600000381469727,30.649999618530277,30.57999992370605,30.649999618530277,10509,RUSHIL,2025-09
2025-09-25 08:25:00+00:00,30.700000762939453,30.700000762939453,30.700000762939453,30.600000381469727,30.600000381469727,14198,RUSHIL,2025-09
2025-09-25 08:30:00+00:00,30.63999938964844,30.63999938964844,30.71999931335449,30.63999938964844,30.700000762939453,5473,RUSHIL,2025-09
2025-09-25 08:35:00+00:00,30.600000381469727,30.600000381469727,30.61000061035156,30.57999992370605,30.57999992370605,852,RUSHIL,2025-09
2025-09-25 08:40:00+00:00,30.600000381469727,30.600000381469727,30.68000030517578,30.600000381469727,30.600000381469727,5054,RUSHIL,2025-09
2025-09-25 08:45:00+00:00,30.690000534057617,30.690000534057617,30.84000015258789,30.68000030517578,30.780000686645508,7246,RUSHIL,2025-09
2025-09-25 08:50:00+00:00,30.700000762939453,30.700000762939453,30.739999771118164,30.690000534057617,30.690000534057617,2620,RUSHIL,2025-09
2025-09-25 08:55:00+00:00,30.6299991607666,30.6299991607666,30.700000762939453,30.6299991607666,30.700000762939453,2682,RUSHIL,2025-09
2025-09-25 09:00:00+00:00,30.75,30.75,30.950000762939453,30.6200008392334,30.6200008392334,61421,RUSHIL,2025-09
2025-09-25 09:05:00+00:00,30.75,30.75,30.86000061035156,30.75,30.86000061035156,4093,RUSHIL,2025-09
2025-09-25 09:10:00+00:00,30.649999618530277,30.649999618530277,30.649999618530277,30.600000381469727,30.649999618530277,7375,RUSHIL,2025-09
2025-09-25 09:15:00+00:00,30.68000030517578,30.68000030517578,30.68000030517578,30.6299991607666,30.6299991607666,1660,RUSHIL,2025-09
2025-09-25 09:20:00+00:00,30.6200008392334,30.6200008392334,30.700000762939453,30.6200008392334,30.649999618530277,2798,RUSHIL,2025-09
2025-09-25 09:25:00+00:00,30.6200008392334,30.6200008392334,30.649999618530277,30.6200008392334,30.6299991607666,1112,RUSHIL,2025-09
2025-09-25 09:30:00+00:00,30.3799991607666,30.3799991607666,30.649999618530277,30.25,30.649999618530277,25743,RUSHIL,2025-09
2025-09-25 09:35:00+00:00,29.950000762939453,29.950000762939453,30.32999992370605,29.690000534057617,30.25,121791,RUSHIL,2025-09
2025-09-25 09:40:00+00:00,30.149999618530277,30.149999618530277,30.18000030517578,29.899999618530277,29.920000076293945,26531,RUSHIL,2025-09
2025-09-25 09:45:00+00:00,29.8799991607666,29.8799991607666,30.149999618530277,29.75,30.149999618530277,37706,RUSHIL,2025-09
2025-09-25 09:50:00+00:00,30.100000381469727,30.100000381469727,30.18000030517578,29.850000381469727,29.86000061035156,35742,RUSHIL,2025-09
2025-09-25 09:55:00+00:00,30.299999237060547,30.299999237060547,30.299999237060547,29.709999084472656,30.040000915527344,34309,RUSHIL,2025-09
2025-09-26 03:45:00+00:00,29.799999237060547,29.799999237060547,30.280000686645508,29.76000022888184,30.01000022888184,0,RUSHIL,2025-09
2025-09-26 03:50:00+00:00,29.96999931335449,29.96999931335449,30.11000061035156,29.84000015258789,29.84000015258789,52147,RUSHIL,2025-09
2025-09-26 03:55:00+00:00,29.84000015258789,29.84000015258789,30.01000022888184,29.299999237060547,29.850000381469727,90995,RUSHIL,2025-09
2025-09-26 04:00:00+00:00,29.57999992370605,29.57999992370605,29.81999969482422,29.559999465942383,29.81999969482422,8608,RUSHIL,2025-09
2025-09-26 04:05:00+00:00,29.25,29.25,29.75,29.209999084472656,29.75,97683,RUSHIL,2025-09
2025-09-26 04:10:00+00:00,29.43000030517578,29.43000030517578,29.43000030517578,28.989999771118164,29.1200008392334,169296,RUSHIL,2025-09
2025-09-26 04:15:00+00:00,29.299999237060547,29.299999237060547,29.3799991607666,29.13999938964844,29.350000381469727,101748,RUSHIL,2025-09
2025-09-26 04:20:00+00:00,29.399999618530277,29.399999618530277,29.399999618530277,29.200000762939453,29.209999084472656,78255,RUSHIL,2025-09
2025-09-26 04:25:00+00:00,29.21999931335449,29.21999931335449,29.299999237060547,29.21999931335449,29.299999237060547,7903,RUSHIL,2025-09
2025-09-26 04:30:00+00:00,29.43000030517578,29.43000030517578,29.43000030517578,29.239999771118164,29.270000457763672,32581,RUSHIL,2025-09
2025-09-26 04:35:00+00:00,29.32999992370605,29.32999992370605,29.34000015258789,29.290000915527344,29.34000015258789,0,RUSHIL,2025-09
2025-09-26 04:40:00+00:00,29.25,29.25,29.34000015258789,29.25,29.32999992370605,8991,RUSHIL,2025-09
2025-09-26 04:45:00+00:00,29.36000061035156,29.36000061035156,29.36000061035156,29.229999542236328,29.270000457763672,5755,RUSHIL,2025-09
2025-09-26 04:50:00+00:00,29.43000030517578,29.43000030517578,29.43000030517578,29.270000457763672,29.399999618530277,16022,RUSHIL,2025-09
2025-09-26 04:55:00+00:00,29.43000030517578,29.43000030517578,29.43000030517578,29.3799991607666,29.43000030517578,18954,RUSHIL,2025-09
2025-09-26 05:00:00+00:00,29.450000762939453,29.450000762939453,29.489999771118164,29.350000381469727,29.489999771118164,2048,RUSHIL,2025-09
2025-09-26 05:05:00+00:00,29.59000015258789,29.59000015258789,29.59000015258789,29.399999618530277,29.450000762939453,4060,RUSHIL,2025-09
2025-09-26 05:10:00+00:00,29.649999618530277,29.649999618530277,29.649999618530277,29.530000686645508,29.530000686645508,4210,RUSHIL,2025-09
2025-09-26 05:15:00+00:00,29.51000022888184,29.51000022888184,29.649999618530277,29.51000022888184,29.649999618530277,360,RUSHIL,2025-09
2025-09-26 05:20:00+00:00,29.5,29.5,29.5,29.420000076293945,29.5,791,RUSHIL,2025-09
2025-09-26 05:25:00+00:00,29.61000061035156,29.61000061035156,29.61000061035156,29.46999931335449,29.600000381469727,2622,RUSHIL,2025-09
2025-09-26 05:30:00+00:00,29.729999542236328,29.729999542236328,29.729999542236328,29.479999542236328,29.61000061035156,10002,RUSHIL,2025-09
2025-09-26 05:35:00+00:00,29.34000015258789,29.34000015258789,29.479999542236328,29.34000015258789,29.479999542236328,6498,RUSHIL,2025-09
2025-09-26 05:40:00+00:00,29.38999938964844,29.38999938964844,29.43000030517578,29.32999992370605,29.43000030517578,182,RUSHIL,2025-09
2025-09-26 05:45:00+00:00,29.43000030517578,29.43000030517578,29.440000534057617,29.31999969482422,29.420000076293945,1247,RUSHIL,2025-09
2025-09-26 05:50:00+00:00,29.299999237060547,29.299999237060547,29.440000534057617,29.299999237060547,29.43000030517578,6546,RUSHIL,2025-09
2025-09-26 05:55:00+00:00,29.309999465942383,29.309999465942383,29.309999465942383,29.25,29.25,9131,RUSHIL,2025-09
2025-09-26 06:00:00+00:00,29.43000030517578,29.43000030517578,29.43000030517578,29.43000030517578,29.43000030517578,556,RUSHIL,2025-09
2025-09-26 06:05:00+00:00,29.440000534057617,29.440000534057617,29.440000534057617,29.43000030517578,29.43000030517578,1890,RUSHIL,2025-09
2025-09-26 06:10:00+00:00,29.270000457763672,29.270000457763672,29.43000030517578,29.25,29.309999465942383,5232,RUSHIL,2025-09
2025-09-26 06:15:00+00:00,29.309999465942383,29.309999465942383,29.420000076293945,29.26000022888184,29.420000076293945,1809,RUSHIL,2025-09
2025-09-26 06:20:00+00:00,29.3799991607666,29.3799991607666,29.3799991607666,29.3799991607666,29.3799991607666,274,RUSHIL,2025-09
2025-09-26 06:25:00+00:00,29.299999237060547,29.299999237060547,29.3799991607666,29.299999237060547,29.3799991607666,1680,RUSHIL,2025-09
2025-09-26 06:30:00+00:00,29.25,29.25,29.350000381469727,29.25,29.309999465942383,25835,RUSHIL,2025-09
2025-09-26 06:35:00+00:00,29.229999542236328,29.229999542236328,29.32999992370605,29.229999542236328,29.32999992370605,0,RUSHIL,2025-09
2025-09-26 06:40:00+00:00,29.25,29.25,29.25,29.209999084472656,29.229999542236328,1000,RUSHIL,2025-09
2025-09-26 06:45:00+00:00,29.059999465942383,29.059999465942383,29.239999771118164,29.059999465942383,29.239999771118164,7507,RUSHIL,2025-09
2025-09-26 06:50:00+00:00,29.239999771118164,29.239999771118164,29.239999771118164,29.049999237060547,29.059999465942383,12899,RUSHIL,2025-09
2025-09-26 06:55:00+00:00,29.229999542236328,29.229999542236328,29.26000022888184,29.11000061035156,29.11000061035156,1284,RUSHIL,2025-09
2025-09-26 07:00:00+00:00,29.309999465942383,29.309999465942383,29.309999465942383,29.229999542236328,29.229999542236328,1430,RUSHIL,2025-09
2025-09-26 07:05:00+00:00,29.209999084472656,29.209999084472656,29.229999542236328,29.01000022888184,29.229999542236328,21636,RUSHIL,2025-09
2025-09-26 07:10:00+00:00,29.18000030517578,29.18000030517578,29.200000762939453,29.059999465942383,29.059999465942383,1522,RUSHIL,2025-09
2025-09-26 07:15:00+00:00,29.170000076293945,29.170000076293945,29.18000030517578,29.059999465942383,29.18000030517578,3161,RUSHIL,2025-09
2025-09-26 07:20:00+00:00,29.18000030517578,29.18000030517578,29.25,29.18000030517578,29.200000762939453,919,RUSHIL,2025-09
2025-09-26 07:25:00+00:00,29.190000534057617,29.190000534057617,29.32999992370605,29.18000030517578,29.239999771118164,5824,RUSHIL,2025-09
2025-09-26 07:30:00+00:00,29.170000076293945,29.170000076293945,29.170000076293945,29.170000076293945,29.170000076293945,2049,RUSHIL,2025-09
2025-09-26 07:35:00+00:00,29.31999969482422,29.31999969482422,29.31999969482422,29.31999969482422,29.31999969482422,6,RUSHIL,2025-09
2025-09-26 07:40:00+00:00,29.170000076293945,29.170000076293945,29.299999237060547,29.170000076293945,29.299999237060547,3199,RUSHIL,2025-09
2025-09-26 07:45:00+00:00,29.100000381469727,29.100000381469727,29.26000022888184,29.0,29.049999237060547,53282,RUSHIL,2025-09
2025-09-26 07:50:00+00:00,29.170000076293945,29.170000076293945,29.309999465942383,29.06999969482422,29.309999465942383,30189,RUSHIL,2025-09
2025-09-26 07:55:00+00:00,29.239999771118164,29.239999771118164,29.3700008392334,29.239999771118164,29.36000061035156,14482,RUSHIL,2025-09
2025-09-26 08:00:00+00:00,29.229999542236328,29.229999542236328,29.229999542236328,29.21999931335449,29.229999542236328,2384,RUSHIL,2025-09
2025-09-26 08:05:00+00:00,29.26000022888184,29.26000022888184,29.40999984741211,29.25,29.40999984741211,7678,RUSHIL,2025-09
2025-09-26 08:10:00+00:00,29.09000015258789,29.09000015258789,29.11000061035156,28.979999542236328,28.979999542236328,30235,RUSHIL,2025-09
2025-09-26 08:15:00+00:00,29.170000076293945,29.170000076293945,29.18000030517578,29.100000381469727,29.1299991607666,1540,RUSHIL,2025-09
2025-09-26 08:20:00+00:00,29.11000061035156,29.11000061035156,29.1299991607666,29.040000915527344,29.09000015258789,701,RUSHIL,2025-09
2025-09-26 08:25:00+00:00,29.11000061035156,29.11000061035156,29.1200008392334,29.059999465942383,29.1200008392334,5066,RUSHIL,2025-09
2025-09-26 08:30:00+00:00,29.06999969482422,29.06999969482422,29.100000381469727,29.06999969482422,29.100000381469727,23602,RUSHIL,2025-09
2025-09-26 08:35:00+00:00,29.01000022888184,29.01000022888184,29.06999969482422,29.0,29.06999969482422,7880,RUSHIL,2025-09
2025-09-26 08:40:00+00:00,28.8799991607666,28.8799991607666,29.0,28.8799991607666,29.0,8138,RUSHIL,2025-09
2025-09-26 08:45:00+00:00,28.93000030517578,28.93000030517578,28.93000030517578,28.8700008392334,28.8799991607666,3262,RUSHIL,2025-09
2025-09-26 08:50:00+00:00,28.90999984741211,28.90999984741211,28.920000076293945,28.8700008392334,28.920000076293945,592,RUSHIL,2025-09
2025-09-26 08:55:00+00:00,28.809999465942383,28.809999465942383,28.950000762939453,28.790000915527344,28.90999984741211,16073,RUSHIL,2025-09
2025-09-26 09:00:00+00:00,28.899999618530277,28.899999618530277,28.899999618530277,28.809999465942383,28.850000381469727,1022,RUSHIL,2025-09
2025-09-26 09:05:00+00:00,28.8799991607666,28.8799991607666,28.88999938964844,28.809999465942383,28.809999465942383,1693,RUSHIL,2025-09
2025-09-26 09:10:00+00:00,28.96999931335449,28.96999931335449,29.0,28.65999984741211,28.8799991607666,62068,RUSHIL,2025-09
2025-09-26 09:15:00+00:00,28.899999618530277,28.899999618530277,28.96999931335449,28.799999237060547,28.96999931335449,2313,RUSHIL,2025-09
2025-09-26 09:20:00+00:00,28.8799991607666,28.8799991607666,28.93000030517578,28.780000686645508,28.899999618530277,6810,RUSHIL,2025-09
2025-09-26 09:25:00+00:00,28.71999931335449,28.71999931335449,28.8700008392334,28.690000534057617,28.780000686645508,23381,RUSHIL,2025-09
2025-09-26 09:30:00+00:00,28.76000022888184,28.76000022888184,28.899999618530277,28.709999084472656,28.729999542236328,3791,RUSHIL,2025-09
2025-09-26 09:35:00+00:00,29.13999938964844,29.13999938964844,29.13999938964844,28.75,28.8700008392334,26558,RUSHIL,2025-09
2025-09-26 09:40:00+00:00,29.020000457763672,29.020000457763672,29.13999938964844,28.920000076293945,29.06999969482422,22873,RUSHIL,2025-09
2025-09-26 09:45:00+00:00,29.0,29.0,29.07999992370605,28.93000030517578,29.07999992370605,20797,RUSHIL,2025-09
2025-09-26 09:50:00+00:00,28.82999992370605,28.82999992370605,29.0,28.3700008392334,29.0,107981,RUSHIL,2025-09
2025-09-26 09:55:00+00:00,28.950000762939453,28.950000762939453,29.0,28.6200008392334,29.0,22250,RUSHIL,2025-09
2025-09-29 03:45:00+00:00,28.57999992370605,28.57999992370605,29.200000762939453,28.57999992370605,29.200000762939453,0,RUSHIL,2025-09
2025-09-29 03:50:00+00:00,28.899999618530277,28.899999618530277,28.899999618530277,28.6200008392334,28.6200008392334,24972,RUSHIL,2025-09
2025-09-29 03:55:00+00:00,28.959999084472656,28.959999084472656,29.209999084472656,28.899999618530277,28.899999618530277,34025,RUSHIL,2025-09
2025-09-29 04:00:00+00:00,28.959999084472656,28.959999084472656,29.0,28.88999938964844,28.93000030517578,18538,RUSHIL,2025-09
2025-09-29 04:05:00+00:00,28.81999969482422,28.81999969482422,28.920000076293945,28.790000915527344,28.920000076293945,33775,RUSHIL,2025-09
2025-09-29 04:10:00+00:00,28.8799991607666,28.8799991607666,28.8799991607666,28.81999969482422,28.81999969482422,426,RUSHIL,2025-09
2025-09-29 04:15:00+00:00,29.09000015258789,29.09000015258789,29.190000534057617,28.950000762939453,28.950000762939453,16914,RUSHIL,2025-09
2025-09-29 04:20:00+00:00,29.09000015258789,29.09000015258789,29.13999938964844,29.06999969482422,29.07999992370605,4025,RUSHIL,2025-09
2025-09-29 04:25:00+00:00,28.920000076293945,28.920000076293945,29.100000381469727,28.920000076293945,29.09000015258789,9747,RUSHIL,2025-09
2025-09-29 04:30:00+00:00,28.93000030517578,28.93000030517578,29.06999969482422,28.8799991607666,28.940000534057617,20243,RUSHIL,2025-09
2025-09-29 04:35:00+00:00,28.920000076293945,28.920000076293945,29.09000015258789,28.84000015258789,28.93000030517578,11447,RUSHIL,2025-09
2025-09-29 04:40:00+00:00,28.950000762939453,28.950000762939453,29.01000022888184,28.920000076293945,29.01000022888184,2393,RUSHIL,2025-09
2025-09-29 04:45:00+00:00,28.93000030517578,28.93000030517578,28.93000030517578,28.920000076293945,28.93000030517578,1484,RUSHIL,2025-09
2025-09-29 04:50:00+00:00,28.84000015258789,28.84000015258789,29.0,28.84000015258789,28.93000030517578,3796,RUSHIL,2025-09
2025-09-29 04:55:00+00:00,28.899999618530277,28.899999618530277,28.90999984741211,28.899999618530277,28.90999984741211,154,RUSHIL,2025-09
2025-09-29 05:00:00+00:00,28.93000030517578,28.93000030517578,28.93000030517578,28.84000015258789,28.899999618530277,727,RUSHIL,2025-09
2025-09-29 05:05:00+00:00,28.950000762939453,28.950000762939453,28.950000762939453,28.84000015258789,28.90999984741211,1746,RUSHIL,2025-09
2025-09-29 05:10:00+00:00,29.0,29.0,29.0,28.950000762939453,28.950000762939453,549,RUSHIL,2025-09
2025-09-29 05:15:00+00:00,28.90999984741211,28.90999984741211,29.0,28.8799991607666,29.0,5755,RUSHIL,2025-09
2025-09-29 05:20:00+00:00,28.979999542236328,28.979999542236328,28.979999542236328,28.90999984741211,28.90999984741211,0,RUSHIL,2025-09
2025-09-29 05:25:00+00:00,28.979999542236328,28.979999542236328,29.030000686645508,28.88999938964844,28.989999771118164,3972,RUSHIL,2025-09
2025-09-29 05:30:00+00:00,28.979999542236328,28.979999542236328,28.979999542236328,28.979999542236328,28.979999542236328,17,RUSHIL,2025-09
2025-09-29 05:35:00+00:00,28.84000015258789,28.84000015258789,28.8700008392334,28.84000015258789,28.8700008392334,1347,RUSHIL,2025-09
2025-09-29 05:40:00+00:00,28.959999084472656,28.959999084472656,28.96999931335449,28.8700008392334,28.96999931335449,334,RUSHIL,2025-09
2025-09-29 05:45:00+00:00,28.8700008392334,28.8700008392334,28.959999084472656,28.8700008392334,28.8700008392334,224,RUSHIL,2025-09
2025-09-29 05:50:00+00:00,28.899999618530277,28.899999618530277,28.959999084472656,28.899999618530277,28.959999084472656,1386,RUSHIL,2025-09
2025-09-29 05:55:00+00:00,29.100000381469727,29.100000381469727,29.100000381469727,28.84000015258789,28.899999618530277,5540,RUSHIL,2025-09
2025-09-29 06:00:00+00:00,28.82999992370605,28.82999992370605,29.09000015258789,28.709999084472656,29.09000015258789,13948,RUSHIL,2025-09
2025-09-29 06:05:00+00:00,28.81999969482422,28.81999969482422,28.82999992370605,28.799999237060547,28.82999992370605,5811,RUSHIL,2025-09
2025-09-29 06:10:00+00:00,28.84000015258789,28.84000015258789,28.84000015258789,28.700000762939453,28.700000762939453,3268,RUSHIL,2025-09
2025-09-29 06:15:00+00:00,28.82999992370605,28.82999992370605,28.82999992370605,28.700000762939453,28.82999992370605,0,RUSHIL,2025-09
2025-09-29 06:20:00+00:00,28.700000762939453,28.700000762939453,28.780000686645508,28.700000762939453,28.780000686645508,4300,RUSHIL,2025-09
2025-09-29 06:25:00+00:00,28.979999542236328,28.979999542236328,28.979999542236328,28.700000762939453,28.700000762939453,7086,RUSHIL,2025-09
2025-09-29 06:30:00+00:00,28.82999992370605,28.82999992370605,28.8799991607666,28.739999771118164,28.8799991607666,952,RUSHIL,2025-09
2025-09-29 06:35:00+00:00,28.82999992370605,28.82999992370605,28.82999992370605,28.739999771118164,28.82999992370605,0,RUSHIL,2025-09
2025-09-29 06:40:00+00:00,28.739999771118164,28.739999771118164,28.82999992370605,28.739999771118164,28.82999992370605,367,RUSHIL,2025-09
2025-09-29 06:45:00+00:00,28.739999771118164,28.739999771118164,28.739999771118164,28.739999771118164,28.739999771118164,0,RUSHIL,2025-09
2025-09-29 06:50:00+00:00,28.809999465942383,28.809999465942383,28.809999465942383,28.739999771118164,28.739999771118164,800,RUSHIL,2025-09
2025-09-29 06:55:00+00:00,28.729999542236328,28.729999542236328,28.809999465942383,28.61000061035156,28.809999465942383,23123,RUSHIL,2025-09
2025-09-29 07:00:00+00:00,28.670000076293945,28.670000076293945,28.739999771118164,28.670000076293945,28.729999542236328,2039,RUSHIL,2025-09
2025-09-29 07:05:00+00:00,28.700000762939453,28.700000762939453,28.790000915527344,28.670000076293945,28.670000076293945,2038,RUSHIL,2025-09
2025-09-29 07:10:00+00:00,28.799999237060547,28.799999237060547,28.81999969482422,28.799999237060547,28.799999237060547,3718,RUSHIL,2025-09
2025-09-29 07:15:00+00:00,28.850000381469727,28.850000381469727,28.850000381469727,28.799999237060547,28.799999237060547,487,RUSHIL,2025-09
2025-09-29 07:20:00+00:00,28.809999465942383,28.809999465942383,28.850000381469727,28.809999465942383,28.850000381469727,672,RUSHIL,2025-09
2025-09-29 07:25:00+00:00,28.700000762939453,28.700000762939453,28.799999237060547,28.700000762939453,28.799999237060547,7505,RUSHIL,2025-09
2025-09-29 07:30:00+00:00,28.65999984741211,28.65999984741211,28.65999984741211,28.479999542236328,28.5,19522,RUSHIL,2025-09
2025-09-29 07:35:00+00:00,28.65999984741211,28.65999984741211,28.65999984741211,28.65999984741211,28.65999984741211,50,RUSHIL,2025-09
2025-09-29 07:40:00+00:00,28.649999618530277,28.649999618530277,28.649999618530277,28.649999618530277,28.649999618530277,1191,RUSHIL,2025-09
2025-09-29 07:45:00+00:00,28.6200008392334,28.6200008392334,28.700000762939453,28.6200008392334,28.700000762939453,464,RUSHIL,2025-09
2025-09-29 07:50:00+00:00,28.670000076293945,28.670000076293945,28.670000076293945,28.670000076293945,28.670000076293945,0,RUSHIL,2025-09
2025-09-29 07:55:00+00:00,28.670000076293945,28.670000076293945,28.670000076293945,28.670000076293945,28.670000076293945,26,RUSHIL,2025-09
2025-09-29 08:00:00+00:00,28.700000762939453,28.700000762939453,28.700000762939453,28.6299991607666,28.690000534057617,819,RUSHIL,2025-09
2025-09-29 08:05:00+00:00,28.700000762939453,28.700000762939453,28.700000762939453,28.700000762939453,28.700000762939453,745,RUSHIL,2025-09
2025-09-29 08:10:00+00:00,28.71999931335449,28.71999931335449,28.729999542236328,28.71999931335449,28.729999542236328,131,RUSHIL,2025-09
2025-09-29 08:15:00+00:00,28.690000534057617,28.690000534057617,28.700000762939453,28.65999984741211,28.700000762939453,315,RUSHIL,2025-09
2025-09-29 08:20:00+00:00,28.559999465942383,28.559999465942383,28.559999465942383,28.559999465942383,28.559999465942383,1097,RUSHIL,2025-09
2025-09-29 08:25:00+00:00,28.549999237060547,28.549999237060547,28.549999237060547,28.549999237060547,28.549999237060547,1338,RUSHIL,2025-09
2025-09-29 08:30:00+00:00,28.65999984741211,28.65999984741211,28.65999984741211,28.559999465942383,28.559999465942383,0,RUSHIL,2025-09
2025-09-29 08:35:00+00:00,28.549999237060547,28.549999237060547,28.649999618530277,28.549999237060547,28.649999618530277,1673,RUSHIL,2025-09
2025-09-29 08:40:00+00:00,28.65999984741211,28.65999984741211,28.65999984741211,28.549999237060547,28.549999237060547,289,RUSHIL,2025-09
2025-09-29 08:45:00+00:00,28.559999465942383,28.559999465942383,28.649999618530277,28.549999237060547,28.549999237060547,1493,RUSHIL,2025-09
2025-09-29 08:50:00+00:00,28.670000076293945,28.670000076293945,28.670000076293945,28.600000381469727,28.600000381469727,153,RUSHIL,2025-09
2025-09-29 08:55:00+00:00,28.670000076293945,28.670000076293945,28.670000076293945,28.670000076293945,28.670000076293945,95,RUSHIL,2025-09
2025-09-29 09:00:00+00:00,28.61000061035156,28.61000061035156,28.700000762939453,28.61000061035156,28.61000061035156,15358,RUSHIL,2025-09
2025-09-29 09:05:00+00:00,28.700000762939453,28.700000762939453,28.700000762939453,28.700000762939453,28.700000762939453,938,RUSHIL,2025-09
2025-09-29 09:10:00+00:00,28.65999984741211,28.65999984741211,28.65999984741211,28.559999465942383,28.559999465942383,5560,RUSHIL,2025-09
2025-09-29 09:15:00+00:00,28.56999969482422,28.56999969482422,28.56999969482422,28.56999969482422,28.56999969482422,0,RUSHIL,2025-09
2025-09-29 09:20:00+00:00,28.56999969482422,28.56999969482422,28.65999984741211,28.56999969482422,28.65999984741211,141,RUSHIL,2025-09
2025-09-29 09:25:00+00:00,28.670000076293945,28.670000076293945,28.670000076293945,28.56999969482422,28.56999969482422,2908,RUSHIL,2025-09
2025-09-29 09:30:00+00:00,28.51000022888184,28.51000022888184,28.670000076293945,28.51000022888184,28.670000076293945,1499,RUSHIL,2025-09
2025-09-29 09:35:00+00:00,28.68000030517578,28.68000030517578,28.799999237060547,28.5,28.5,21762,RUSHIL,2025-09
2025-09-29 09:40:00+00:00,28.5,28.5,28.729999542236328,28.5,28.520000457763672,10337,RUSHIL,2025-09
2025-09-29 09:45:00+00:00,28.5,28.5,28.559999465942383,28.350000381469727,28.479999542236328,26423,RUSHIL,2025-09
2025-09-29 09:50:00+00:00,28.3700008392334,28.3700008392334,28.559999465942383,28.11000061035156,28.40999984741211,39919,RUSHIL,2025-09
2025-09-29 09:55:00+00:00,28.34000015258789,28.34000015258789,28.3799991607666,28.030000686645508,28.149999618530277,54714,RUSHIL,2025-09
2025-09-30 03:45:00+00:00,28.68000030517578,28.68000030517578,28.84000015258789,28.309999465942383,28.309999465942383,0,RUSHIL,2025-09
2025-09-30 03:50:00+00:00,28.780000686645508,28.780000686645508,28.790000915527344,28.5,28.5,9148,RUSHIL,2025-09
2025-09-30 03:55:00+00:00,28.450000762939453,28.450000762939453,28.780000686645508,28.450000762939453,28.670000076293945,12233,RUSHIL,2025-09
2025-09-30 04:00:00+00:00,28.899999618530277,28.899999618530277,28.899999618530277,28.399999618530277,28.399999618530277,21882,RUSHIL,2025-09
2025-09-30 04:05:00+00:00,28.790000915527344,28.790000915527344,28.959999084472656,28.770000457763672,28.790000915527344,16264,RUSHIL,2025-09
2025-09-30 04:10:00+00:00,28.75,28.75,28.979999542236328,28.75,28.86000061035156,16938,RUSHIL,2025-09
2025-09-30 04:15:00+00:00,28.56999969482422,28.56999969482422,28.780000686645508,28.56999969482422,28.780000686645508,3609,RUSHIL,2025-09
2025-09-30 04:20:00+00:00,28.920000076293945,28.920000076293945,28.93000030517578,28.780000686645508,28.780000686645508,8513,RUSHIL,2025-09
2025-09-30 04:25:00+00:00,29.25,29.25,29.25,28.920000076293945,28.920000076293945,22387,RUSHIL,2025-09
2025-09-30 04:30:00+00:00,29.1299991607666,29.1299991607666,29.25,28.989999771118164,29.239999771118164,20277,RUSHIL,2025-09
2025-09-30 04:35:00+00:00,28.920000076293945,28.920000076293945,29.1200008392334,28.920000076293945,29.1200008392334,2580,RUSHIL,2025-09
2025-09-30 04:40:00+00:00,28.8799991607666,28.8799991607666,28.8799991607666,28.8799991607666,28.8799991607666,1874,RUSHIL,2025-09
2025-09-30 04:45:00+00:00,28.8700008392334,28.8700008392334,28.8700008392334,28.8700008392334,28.8700008392334,17105,RUSHIL,2025-09
2025-09-30 04:50:00+00:00,28.86000061035156,28.86000061035156,28.86000061035156,28.76000022888184,28.850000381469727,1884,RUSHIL,2025-09
2025-09-30 04:55:00+00:00,28.8700008392334,28.8700008392334,28.96999931335449,28.790000915527344,28.790000915527344,11903,RUSHIL,2025-09
2025-09-30 05:00:00+00:00,28.86000061035156,28.86000061035156,28.8799991607666,28.76000022888184,28.8700008392334,704,RUSHIL,2025-09
2025-09-30 05:05:00+00:00,28.790000915527344,28.790000915527344,28.8799991607666,28.790000915527344,28.799999237060547,680,RUSHIL,2025-09
2025-09-30 05:10:00+00:00,28.84000015258789,28.84000015258789,28.8799991607666,28.71999931335449,28.8799991607666,1514,RUSHIL,2025-09
2025-09-30 05:15:00+00:00,28.63999938964844,28.63999938964844,28.82999992370605,28.63999938964844,28.729999542236328,5449,RUSHIL,2025-09
2025-09-30 05:20:00+00:00,28.84000015258789,28.84000015258789,29.040000915527344,28.84000015258789,29.0,17268,RUSHIL,2025-09
2025-09-30 05:25:00+00:00,28.8700008392334,28.8700008392334,28.959999084472656,28.739999771118164,28.959999084472656,1207,RUSHIL,2025-09
2025-09-30 05:30:00+00:00,28.850000381469727,28.850000381469727,28.86000061035156,28.770000457763672,28.770000457763672,2805,RUSHIL,2025-09
2025-09-30 05:35:00+00:00,28.850000381469727,28.850000381469727,28.850000381469727,28.75,28.770000457763672,3724,RUSHIL,2025-09
2025-09-30 05:40:00+00:00,28.75,28.75,28.850000381469727,28.75,28.75,1315,RUSHIL,2025-09
2025-09-30 05:45:00+00:00,28.700000762939453,28.700000762939453,28.799999237060547,28.700000762939453,28.799999237060547,1936,RUSHIL,2025-09
2025-09-30 05:50:00+00:00,28.850000381469727,28.850000381469727,28.850000381469727,28.799999237060547,28.799999237060547,1432,RUSHIL,2025-09
2025-09-30 05:55:00+00:00,28.790000915527344,28.790000915527344,29.149999618530277,28.790000915527344,28.979999542236328,26639,RUSHIL,2025-09
2025-09-30 06:00:00+00:00,28.790000915527344,28.790000915527344,28.790000915527344,28.700000762939453,28.75,1223,RUSHIL,2025-09
2025-09-30 06:05:00+00:00,28.75,28.75,28.790000915527344,28.75,28.790000915527344,73,RUSHIL,2025-09
2025-09-30 06:10:00+00:00,28.71999931335449,28.71999931335449,28.799999237060547,28.71999931335449,28.799999237060547,15496,RUSHIL,2025-09
2025-09-30 06:15:00+00:00,28.799999237060547,28.799999237060547,28.799999237060547,28.799999237060547,28.799999237060547,3013,RUSHIL,2025-09
2025-09-30 06:20:00+00:00,28.71999931335449,28.71999931335449,28.799999237060547,28.71999931335449,28.799999237060547,0,RUSHIL,2025-09
2025-09-30 06:25:00+00:00,28.700000762939453,28.700000762939453,28.71999931335449,28.700000762939453,28.71999931335449,1478,RUSHIL,2025-09
2025-09-30 06:30:00+00:00,28.690000534057617,28.690000534057617,28.709999084472656,28.6200008392334,28.709999084472656,432,RUSHIL,2025-09
2025-09-30 06:35:00+00:00,28.6200008392334,28.6200008392334,28.700000762939453,28.6200008392334,28.700000762939453,1166,RUSHIL,2025-09
2025-09-30 06:40:00+00:00,28.559999465942383,28.559999465942383,28.559999465942383,28.51000022888184,28.51000022888184,8188,RUSHIL,2025-09
2025-09-30 06:45:00+00:00,28.56999969482422,28.56999969482422,28.690000534057617,28.56999969482422,28.690000534057617,522,RUSHIL,2025-09
2025-09-30 06:50:00+00:00,28.68000030517578,28.68000030517578,28.68000030517578,28.57999992370605,28.57999992370605,128,RUSHIL,2025-09
2025-09-30 06:55:00+00:00,28.68000030517578,28.68000030517578,28.68000030517578,28.57999992370605,28.57999992370605,218,RUSHIL,2025-09
2025-09-30 07:00:00+00:00,28.6200008392334,28.6200008392334,28.68000030517578,28.6200008392334,28.68000030517578,158,RUSHIL,2025-09
2025-09-30 07:05:00+00:00,28.68000030517578,28.68000030517578,28.68000030517578,28.68000030517578,28.68000030517578,208,RUSHIL,2025-09
2025-09-30 07:10:00+00:00,28.68000030517578,28.68000030517578,28.68000030517578,28.68000030517578,28.68000030517578,1,RUSHIL,2025-09
2025-09-30 07:15:00+00:00,28.530000686645508,28.530000686645508,28.670000076293945,28.520000457763672,28.670000076293945,1384,RUSHIL,2025-09
2025-09-30 07:20:00+00:00,28.670000076293945,28.670000076293945,28.670000076293945,28.670000076293945,28.670000076293945,0,RUSHIL,2025-09
2025-09-30 07:25:00+00:00,28.57999992370605,28.57999992370605,28.649999618530277,28.57999992370605,28.600000381469727,850,RUSHIL,2025-09
2025-09-30 07:30:00+00:00,28.479999542236328,28.479999542236328,28.56999969482422,28.309999465942383,28.56999969482422,11303,RUSHIL,2025-09
2025-09-30 07:35:00+00:00,28.450000762939453,28.450000762939453,28.450000762939453,28.31999969482422,28.399999618530277,454,RUSHIL,2025-09
2025-09-30 07:40:00+00:00,28.549999237060547,28.549999237060547,28.549999237060547,28.3700008392334,28.3700008392334,736,RUSHIL,2025-09
2025-09-30 07:45:00+00:00,28.549999237060547,28.549999237060547,28.549999237060547,28.549999237060547,28.549999237060547,187,RUSHIL,2025-09
2025-09-30 07:50:00+00:00,28.559999465942383,28.559999465942383,28.559999465942383,28.440000534057617,28.440000534057617,1149,RUSHIL,2025-09
2025-09-30 07:55:00+00:00,28.51000022888184,28.51000022888184,28.59000015258789,28.51000022888184,28.559999465942383,978,RUSHIL,2025-09
2025-09-30 08:00:00+00:00,28.489999771118164,28.489999771118164,28.5,28.420000076293945,28.420000076293945,296,RUSHIL,2025-09
2025-09-30 08:05:00+00:00,28.40999984741211,28.40999984741211,28.489999771118164,28.40999984741211,28.489999771118164,2427,RUSHIL,2025-09
2025-09-30 08:10:00+00:00,28.40999984741211,28.40999984741211,28.40999984741211,28.40999984741211,28.40999984741211,0,RUSHIL,2025-09
2025-09-30 08:15:00+00:00,28.40999984741211,28.40999984741211,28.40999984741211,28.40999984741211,28.40999984741211,510,RUSHIL,2025-09
2025-09-30 08:20:00+00:00,28.450000762939453,28.450000762939453,28.489999771118164,28.32999992370605,28.489999771118164,1254,RUSHIL,2025-09
2025-09-30 08:25:00+00:00,28.440000534057617,28.440000534057617,28.440000534057617,28.299999237060547,28.440000534057617,1811,RUSHIL,2025-09
2025-09-30 08:30:00+00:00,28.51000022888184,28.51000022888184,28.51000022888184,28.440000534057617,28.440000534057617,6198,RUSHIL,2025-09
2025-09-30 08:35:00+00:00,28.600000381469727,28.600000381469727,28.600000381469727,28.450000762939453,28.450000762939453,8914,RUSHIL,2025-09
2025-09-30 08:40:00+00:00,28.540000915527344,28.540000915527344,28.540000915527344,28.540000915527344,28.540000915527344,141,RUSHIL,2025-09
2025-09-30 08:45:00+00:00,28.690000534057617,28.690000534057617,28.690000534057617,28.68000030517578,28.68000030517578,1252,RUSHIL,2025-09
2025-09-30 08:50:00+00:00,28.6299991607666,28.6299991607666,28.6299991607666,28.450000762939453,28.56999969482422,14107,RUSHIL,2025-09
2025-09-30 08:55:00+00:00,28.61000061035156,28.61000061035156,28.6200008392334,28.479999542236328,28.479999542236328,1127,RUSHIL,2025-09
2025-09-30 09:00:00+00:00,28.46999931335449,28.46999931335449,28.6200008392334,28.46999931335449,28.489999771118164,997,RUSHIL,2025-09
2025-09-30 09:05:00+00:00,28.46999931335449,28.46999931335449,28.61000061035156,28.46999931335449,28.61000061035156,1342,RUSHIL,2025-09
2025-09-30 09:10:00+00:00,28.46999931335449,28.46999931335449,28.46999931335449,28.46999931335449,28.46999931335449,1028,RUSHIL,2025-09
2025-09-30 09:15:00+00:00,28.65999984741211,28.65999984741211,28.65999984741211,28.57999992370605,28.57999992370605,283,RUSHIL,2025-09
2025-09-30 09:20:00+00:00,28.670000076293945,28.670000076293945,28.670000076293945,28.57999992370605,28.670000076293945,512,RUSHIL,2025-09
2025-09-30 09:25:00+00:00,28.670000076293945,28.670000076293945,28.670000076293945,28.540000915527344,28.540000915527344,932,RUSHIL,2025-09
2025-09-30 09:30:00+00:00,28.56999969482422,28.56999969482422,28.770000457763672,28.56999969482422,28.670000076293945,12773,RUSHIL,2025-09
2025-09-30 09:35:00+00:00,28.729999542236328,28.729999542236328,28.989999771118164,28.40999984741211,28.56999969482422,31014,RUSHIL,2025-09
2025-09-30 09:40:00+00:00,28.459999084472656,28.459999084472656,28.799999237060547,28.440000534057617,28.709999084472656,15833,RUSHIL,2025-09
2025-09-30 09:45:00+00:00,28.46999931335449,28.46999931335449,28.739999771118164,28.399999618530277,28.459999084472656,8660,RUSHIL,2025-09
2025-09-30 09:50:00+00:00,28.5,28.5,28.799999237060547,28.399999618530277,28.799999237060547,17390,RUSHIL,2025-09
2025-09-30 09:55:00+00:00,28.65999984741211,28.65999984741211,28.700000762939453,28.5,28.700000762939453,24574,RUSHIL,2025-09
2025-10-01 03:45:00+00:00,28.549999237060547,28.549999237060547,28.979999542236328,28.5,28.979999542236328,0,RUSHIL,2025-10
2025-10-01 03:50:00+00:00,28.64999961853028,28.64999961853028,28.64999961853028,28.40999984741211,28.549999237060547,12043,RUSHIL,2025-10
2025-10-01 03:55:00+00:00,28.600000381469727,28.600000381469727,28.6200008392334,28.420000076293945,28.61000061035156,5668,RUSHIL,2025-10
2025-10-01 04:00:00+00:00,28.729999542236328,28.729999542236328,28.739999771118164,28.6299991607666,28.700000762939453,2608,RUSHIL,2025-10
2025-10-01 04:05:00+00:00,28.700000762939453,28.700000762939453,28.739999771118164,28.65999984741211,28.65999984741211,1935,RUSHIL,2025-10
2025-10-01 04:10:00+00:00,28.690000534057617,28.690000534057617,28.89999961853028,28.690000534057617,28.700000762939453,17860,RUSHIL,2025-10
2025-10-01 04:15:00+00:00,28.59000015258789,28.59000015258789,28.700000762939453,28.59000015258789,28.690000534057617,4446,RUSHIL,2025-10
2025-10-01 04:20:00+00:00,28.61000061035156,28.61000061035156,28.61000061035156,28.5,28.57999992370605,2692,RUSHIL,2025-10
2025-10-01 04:25:00+00:00,28.540000915527344,28.540000915527344,28.63999938964844,28.540000915527344,28.63999938964844,2193,RUSHIL,2025-10
2025-10-01 04:30:00+00:00,28.57999992370605,28.57999992370605,28.600000381469727,28.540000915527344,28.600000381469727,4952,RUSHIL,2025-10
2025-10-01 04:35:00+00:00,28.57999992370605,28.57999992370605,28.57999992370605,28.51000022888184,28.51000022888184,350,RUSHIL,2025-10
2025-10-01 04:40:00+00:00,28.450000762939453,28.450000762939453,28.46999931335449,28.450000762939453,28.450000762939453,17575,RUSHIL,2025-10
2025-10-01 04:45:00+00:00,28.530000686645508,28.530000686645508,28.530000686645508,28.40999984741211,28.40999984741211,8213,RUSHIL,2025-10
2025-10-01 04:50:00+00:00,28.71999931335449,28.71999931335449,28.799999237060547,28.51000022888184,28.51000022888184,11709,RUSHIL,2025-10
2025-10-01 04:55:00+00:00,28.6200008392334,28.6200008392334,28.65999984741211,28.51000022888184,28.65999984741211,3613,RUSHIL,2025-10
2025-10-01 05:00:00+00:00,28.71999931335449,28.71999931335449,28.729999542236328,28.56999969482422,28.63999938964844,5891,RUSHIL,2025-10
2025-10-01 05:05:00+00:00,28.729999542236328,28.729999542236328,28.729999542236328,28.729999542236328,28.729999542236328,506,RUSHIL,2025-10
2025-10-01 05:10:00+00:00,28.729999542236328,28.729999542236328,28.780000686645508,28.729999542236328,28.739999771118164,2415,RUSHIL,2025-10
2025-10-01 05:15:00+00:00,28.559999465942383,28.559999465942383,28.709999084472656,28.559999465942383,28.709999084472656,2161,RUSHIL,2025-10
2025-10-01 05:20:00+00:00,28.64999961853028,28.64999961853028,28.65999984741211,28.59000015258789,28.65999984741211,2023,RUSHIL,2025-10
2025-10-01 05:25:00+00:00,28.670000076293945,28.670000076293945,28.670000076293945,28.670000076293945,28.670000076293945,300,RUSHIL,2025-10
2025-10-01 05:30:00+00:00,28.709999084472656,28.709999084472656,28.71999931335449,28.64999961853028,28.71999931335449,34,RUSHIL,2025-10
2025-10-01 05:35:00+00:00,28.700000762939453,28.700000762939453,28.700000762939453,28.64999961853028,28.64999961853028,540,RUSHIL,2025-10
2025-10-01 05:40:00+00:00,28.700000762939453,28.700000762939453,28.700000762939453,28.690000534057617,28.690000534057617,484,RUSHIL,2025-10
2025-10-01 05:45:00+00:00,28.700000762939453,28.700000762939453,28.700000762939453,28.700000762939453,28.700000762939453,769,RUSHIL,2025-10
2025-10-01 05:50:00+00:00,28.59000015258789,28.59000015258789,28.700000762939453,28.59000015258789,28.65999984741211,1305,RUSHIL,2025-10
2025-10-01 05:55:00+00:00,28.65999984741211,28.65999984741211,28.65999984741211,28.59000015258789,28.59000015258789,0,RUSHIL,2025-10
2025-10-01 06:00:00+00:00,28.729999542236328,28.729999542236328,28.729999542236328,28.64999961853028,28.65999984741211,4875,RUSHIL,2025-10
2025-10-01 06:05:00+00:00,28.88999938964844,28.88999938964844,28.88999938964844,28.700000762939453,28.700000762939453,11194,RUSHIL,2025-10
2025-10-01 06:10:00+00:00,28.850000381469727,28.850000381469727,28.850000381469727,28.81999969482422,28.81999969482422,902,RUSHIL,2025-10
2025-10-01 06:15:00+00:00,28.76000022888184,28.76000022888184,28.76000022888184,28.700000762939453,28.709999084472656,2575,RUSHIL,2025-10
2025-10-01 06:25:00+00:00,28.71999931335449,28.71999931335449,28.799999237060547,28.71999931335449,28.799999237060547,1005,RUSHIL,2025-10
2025-10-01 06:30:00+00:00,28.68000030517578,28.68000030517578,28.790000915527344,28.68000030517578,28.790000915527344,1609,RUSHIL,2025-10
2025-10-01 06:35:00+00:00,28.670000076293945,28.670000076293945,28.690000534057617,28.670000076293945,28.690000534057617,2292,RUSHIL,2025-10
2025-10-01 06:40:00+00:00,28.86000061035156,28.86000061035156,28.86000061035156,28.6200008392334,28.6200008392334,5170,RUSHIL,2025-10
2025-10-01 06:45:00+00:00,28.90999984741211,28.90999984741211,28.979999542236328,28.799999237060547,28.799999237060547,4429,RUSHIL,2025-10
2025-10-01 06:50:00+00:00,28.89999961853028,28.89999961853028,28.90999984741211,28.89999961853028,28.90999984741211,1367,RUSHIL,2025-10
2025-10-01 06:55:00+00:00,28.75,28.75,28.81999969482422,28.75,28.81999969482422,7972,RUSHIL,2025-10
2025-10-01 07:00:00+00:00,28.709999084472656,28.709999084472656,28.709999084472656,28.6200008392334,28.709999084472656,7151,RUSHIL,2025-10
2025-10-01 07:05:00+00:00,28.790000915527344,28.790000915527344,28.790000915527344,28.700000762939453,28.700000762939453,718,RUSHIL,2025-10
2025-10-01 07:10:00+00:00,28.690000534057617,28.690000534057617,28.790000915527344,28.690000534057617,28.790000915527344,1165,RUSHIL,2025-10
2025-10-01 07:15:00+00:00,28.6299991607666,28.6299991607666,28.75,28.6299991607666,28.75,2064,RUSHIL,2025-10
2025-10-01 07:20:00+00:00,28.64999961853028,28.64999961853028,28.729999542236328,28.64999961853028,28.64999961853028,128,RUSHIL,2025-10
2025-10-01 07:30:00+00:00,28.729999542236328,28.729999542236328,28.729999542236328,28.729999542236328,28.729999542236328,148,RUSHIL,2025-10
2025-10-01 07:35:00+00:00,28.64999961853028,28.64999961853028,28.64999961853028,28.64999961853028,28.64999961853028,0,RUSHIL,2025-10
2025-10-01 07:40:00+00:00,28.61000061035156,28.61000061035156,28.729999542236328,28.61000061035156,28.729999542236328,3213,RUSHIL,2025-10
2025-10-01 07:45:00+00:00,28.729999542236328,28.729999542236328,28.729999542236328,28.729999542236328,28.729999542236328,0,RUSHIL,2025-10
2025-10-01 07:50:00+00:00,28.670000076293945,28.670000076293945,28.670000076293945,28.670000076293945,28.670000076293945,40,RUSHIL,2025-10
2025-10-01 07:55:00+00:00,28.729999542236328,28.729999542236328,28.729999542236328,28.6299991607666,28.6299991607666,2392,RUSHIL,2025-10
2025-10-01 08:00:00+00:00,28.700000762939453,28.700000762939453,28.700000762939453,28.700000762939453,28.700000762939453,75,RUSHIL,2025-10
2025-10-01 08:05:00+00:00,28.729999542236328,28.729999542236328,28.729999542236328,28.61000061035156,28.700000762939453,4158,RUSHIL,2025-10
2025-10-01 08:10:00+00:00,28.790000915527344,28.790000915527344,28.790000915527344,28.76000022888184,28.76000022888184,2994,RUSHIL,2025-10
2025-10-01 08:15:00+00:00,28.790000915527344,28.790000915527344,28.790000915527344,28.790000915527344,28.790000915527344,0,RUSHIL,2025-10
2025-10-01 08:20:00+00:00,28.8700008392334,28.8700008392334,28.88999938964844,28.790000915527344,28.790000915527344,1614,RUSHIL,2025-10
2025-10-01 08:25:00+00:00,28.729999542236328,28.729999542236328,28.76000022888184,28.729999542236328,28.76000022888184,2005,RUSHIL,2025-10
2025-10-01 08:30:00+00:00,28.729999542236328,28.729999542236328,28.809999465942383,28.729999542236328,28.809999465942383,999,RUSHIL,2025-10
2025-10-01 08:35:00+00:00,28.700000762939453,28.700000762939453,28.809999465942383,28.700000762939453,28.809999465942383,991,RUSHIL,2025-10
2025-10-01 08:40:00+00:00,28.89999961853028,28.89999961853028,28.89999961853028,28.700000762939453,28.700000762939453,10205,RUSHIL,2025-10
2025-10-01 08:45:00+00:00,28.940000534057617,28.940000534057617,28.940000534057617,28.86000061035156,28.89999961853028,3978,RUSHIL,2025-10
2025-10-01 08:50:00+00:00,28.850000381469727,28.850000381469727,28.89999961853028,28.790000915527344,28.799999237060547,4133,RUSHIL,2025-10
2025-10-01 08:55:00+00:00,28.93000030517578,28.93000030517578,28.93000030517578,28.920000076293945,28.920000076293945,1627,RUSHIL,2025-10
2025-10-01 09:00:00+00:00,28.920000076293945,28.920000076293945,28.93000030517578,28.920000076293945,28.93000030517578,2045,RUSHIL,2025-10
2025-10-01 09:05:00+00:00,28.940000534057617,28.940000534057617,28.940000534057617,28.809999465942383,28.809999465942383,11578,RUSHIL,2025-10
2025-10-01 09:10:00+00:00,28.940000534057617,28.940000534057617,28.940000534057617,28.940000534057617,28.940000534057617,0,RUSHIL,2025-10
2025-10-01 09:15:00+00:00,28.90999984741211,28.90999984741211,28.940000534057617,28.82999992370605,28.940000534057617,572,RUSHIL,2025-10
2025-10-01 09:20:00+00:00,28.920000076293945,28.920000076293945,28.940000534057617,28.850000381469727,28.940000534057617,2143,RUSHIL,2025-10
2025-10-01 09:25:00+00:00,28.850000381469727,28.850000381469727,28.89999961853028,28.850000381469727,28.850000381469727,1682,RUSHIL,2025-10
2025-10-01 09:30:00+00:00,28.86000061035156,28.86000061035156,28.86000061035156,28.81999969482422,28.86000061035156,1733,RUSHIL,2025-10
2025-10-01 09:35:00+00:00,28.8700008392334,28.8700008392334,28.920000076293945,28.8700008392334,28.89999961853028,6266,RUSHIL,2025-10
2025-10-01 09:40:00+00:00,28.75,28.75,28.959999084472656,28.75,28.89999961853028,12907,RUSHIL,2025-10
2025-10-01 09:45:00+00:00,28.950000762939453,28.950000762939453,28.950000762939453,28.65999984741211,28.739999771118164,12064,RUSHIL,2025-10
2025-10-01 09:50:00+00:00,28.950000762939453,28.950000762939453,29.0,28.799999237060547,28.8700008392334,9464,RUSHIL,2025-10
2025-10-01 09:55:00+00:00,28.799999237060547,28.799999237060547,28.88999938964844,28.549999237060547,28.84000015258789,14532,RUSHIL,2025-10
2025-10-03 03:45:00+00:00,28.84000015258789,28.84000015258789,28.89999961853028,28.84000015258789,28.84000015258789,0,RUSHIL,2025-10
2025-10-03 03:50:00+00:00,29.049999237060547,29.049999237060547,29.200000762939453,28.850000381469727,28.850000381469727,35656,RUSHIL,2025-10
2025-10-03 03:55:00+00:00,29.049999237060547,29.049999237060547,29.13999938964844,28.84000015258789,29.100000381469727,15358,RUSHIL,2025-10
2025-10-03 04:00:00+00:00,29.0,29.0,29.059999465942383,28.920000076293945,29.049999237060547,3537,RUSHIL,2025-10
2025-10-03 04:05:00+00:00,28.979999542236328,28.979999542236328,29.0,28.84000015258789,29.0,3191,RUSHIL,2025-10
2025-10-03 04:10:00+00:00,28.93000030517578,28.93000030517578,28.979999542236328,28.93000030517578,28.979999542236328,1881,RUSHIL,2025-10
2025-10-03 04:15:00+00:00,28.959999084472656,28.959999084472656,28.959999084472656,28.64999961853028,28.76000022888184,16887,RUSHIL,2025-10
2025-10-03 04:20:00+00:00,29.1200008392334,29.1200008392334,29.1299991607666,28.88999938964844,28.88999938964844,8383,RUSHIL,2025-10
2025-10-03 04:25:00+00:00,29.14999961853028,29.14999961853028,29.15999984741211,29.100000381469727,29.100000381469727,3055,RUSHIL,2025-10
2025-10-03 04:30:00+00:00,29.190000534057617,29.190000534057617,29.190000534057617,29.100000381469727,29.14999961853028,1970,RUSHIL,2025-10
2025-10-03 04:35:00+00:00,28.950000762939453,28.950000762939453,29.100000381469727,28.8799991607666,29.100000381469727,3374,RUSHIL,2025-10
2025-10-03 04:40:00+00:00,28.940000534057617,28.940000534057617,28.940000534057617,28.8799991607666,28.8799991607666,482,RUSHIL,2025-10
2025-10-03 04:45:00+00:00,28.86000061035156,28.86000061035156,28.950000762939453,28.81999969482422,28.93000030517578,7008,RUSHIL,2025-10
2025-10-03 04:50:00+00:00,28.82999992370605,28.82999992370605,28.89999961853028,28.76000022888184,28.89999961853028,6816,RUSHIL,2025-10
2025-10-03 04:55:00+00:00,28.8799991607666,28.8799991607666,28.8799991607666,28.8799991607666,28.8799991607666,43,RUSHIL,2025-10
2025-10-03 05:00:00+00:00,28.920000076293945,28.920000076293945,28.96999931335449,28.799999237060547,28.89999961853028,1387,RUSHIL,2025-10
2025-10-03 05:05:00+00:00,28.88999938964844,28.88999938964844,28.940000534057617,28.850000381469727,28.940000534057617,1180,RUSHIL,2025-10
2025-10-03 05:10:00+00:00,28.790000915527344,28.790000915527344,28.89999961853028,28.790000915527344,28.89999961853028,1816,RUSHIL,2025-10
2025-10-03 05:15:00+00:00,28.850000381469727,28.850000381469727,28.850000381469727,28.709999084472656,28.84000015258789,2480,RUSHIL,2025-10
2025-10-03 05:20:00+00:00,28.82999992370605,28.82999992370605,28.82999992370605,28.82999992370605,28.82999992370605,8,RUSHIL,2025-10
2025-10-03 05:25:00+00:00,28.709999084472656,28.709999084472656,28.780000686645508,28.709999084472656,28.780000686645508,756,RUSHIL,2025-10
2025-10-03 05:30:00+00:00,28.809999465942383,28.809999465942383,28.809999465942383,28.780000686645508,28.780000686645508,872,RUSHIL,2025-10
2025-10-03 05:35:00+00:00,28.850000381469727,28.850000381469727,28.850000381469727,28.799999237060547,28.799999237060547,1525,RUSHIL,2025-10
2025-10-03 05:40:00+00:00,29.1200008392334,29.1200008392334,29.1200008392334,29.100000381469727,29.100000381469727,20080,RUSHIL,2025-10
2025-10-03 05:45:00+00:00,29.200000762939453,29.200000762939453,29.200000762939453,29.040000915527344,29.14999961853028,4104,RUSHIL,2025-10
2025-10-03 05:50:00+00:00,29.100000381469727,29.100000381469727,29.11000061035156,29.030000686645508,29.030000686645508,4296,RUSHIL,2025-10
2025-10-03 05:55:00+00:00,29.049999237060547,29.049999237060547,29.100000381469727,29.049999237060547,29.100000381469727,307,RUSHIL,2025-10
2025-10-03 06:00:00+00:00,29.0,29.0,29.100000381469727,29.0,29.100000381469727,2040,RUSHIL,2025-10
2025-10-03 06:05:00+00:00,29.11000061035156,29.11000061035156,29.11000061035156,29.01000022888184,29.01000022888184,402,RUSHIL,2025-10
2025-10-03 06:10:00+00:00,28.96999931335449,28.96999931335449,29.13999938964844,28.96999931335449,29.11000061035156,3126,RUSHIL,2025-10
2025-10-03 06:15:00+00:00,29.14999961853028,29.14999961853028,29.14999961853028,28.989999771118164,28.989999771118164,5927,RUSHIL,2025-10
2025-10-03 06:20:00+00:00,29.36000061035156,29.36000061035156,29.39999961853028,29.170000076293945,29.18000030517578,27895,RUSHIL,2025-10
2025-10-03 06:25:00+00:00,29.13999938964844,29.13999938964844,29.36000061035156,29.13999938964844,29.36000061035156,6698,RUSHIL,2025-10
2025-10-03 06:30:00+00:00,29.21999931335449,29.21999931335449,29.239999771118164,29.07999992370605,29.239999771118164,5346,RUSHIL,2025-10
2025-10-03 06:35:00+00:00,29.14999961853028,29.14999961853028,29.14999961853028,29.14999961853028,29.14999961853028,406,RUSHIL,2025-10
2025-10-03 06:40:00+00:00,29.21999931335449,29.21999931335449,29.21999931335449,29.13999938964844,29.21999931335449,1203,RUSHIL,2025-10
2025-10-03 06:45:00+00:00,29.21999931335449,29.21999931335449,29.21999931335449,29.15999984741211,29.21999931335449,2286,RUSHIL,2025-10
2025-10-03 06:50:00+00:00,29.14999961853028,29.14999961853028,29.280000686645508,29.13999938964844,29.21999931335449,6727,RUSHIL,2025-10
2025-10-03 06:55:00+00:00,29.190000534057617,29.190000534057617,29.190000534057617,29.1200008392334,29.14999961853028,1429,RUSHIL,2025-10
2025-10-03 07:00:00+00:00,29.11000061035156,29.11000061035156,29.190000534057617,29.11000061035156,29.190000534057617,754,RUSHIL,2025-10
2025-10-03 07:05:00+00:00,29.190000534057617,29.190000534057617,29.190000534057617,29.1200008392334,29.14999961853028,3127,RUSHIL,2025-10
2025-10-03 07:10:00+00:00,29.200000762939453,29.200000762939453,29.21999931335449,29.14999961853028,29.14999961853028,665,RUSHIL,2025-10
2025-10-03 07:15:00+00:00,29.170000076293945,29.170000076293945,29.200000762939453,29.170000076293945,29.200000762939453,331,RUSHIL,2025-10
2025-10-03 07:20:00+00:00,29.059999465942383,29.059999465942383,29.239999771118164,29.059999465942383,29.170000076293945,5304,RUSHIL,2025-10
2025-10-03 07:25:00+00:00,29.13999938964844,29.13999938964844,29.13999938964844,29.040000915527344,29.049999237060547,1302,RUSHIL,2025-10
2025-10-03 07:30:00+00:00,29.15999984741211,29.15999984741211,29.15999984741211,29.07999992370605,29.13999938964844,506,RUSHIL,2025-10
2025-10-03 07:35:00+00:00,29.07999992370605,29.07999992370605,29.15999984741211,29.07999992370605,29.15999984741211,250,RUSHIL,2025-10
2025-10-03 07:40:00+00:00,29.07999992370605,29.07999992370605,29.07999992370605,29.07999992370605,29.07999992370605,36,RUSHIL,2025-10
2025-10-03 07:45:00+00:00,29.13999938964844,29.13999938964844,29.13999938964844,29.09000015258789,29.09000015258789,493,RUSHIL,2025-10
2025-10-03 07:50:00+00:00,29.09000015258789,29.09000015258789,29.25,29.09000015258789,29.18000030517578,4945,RUSHIL,2025-10
2025-10-03 07:55:00+00:00,29.14999961853028,29.14999961853028,29.14999961853028,29.06999969482422,29.100000381469727,1510,RUSHIL,2025-10
2025-10-03 08:00:00+00:00,29.190000534057617,29.190000534057617,29.190000534057617,29.11000061035156,29.11000061035156,5,RUSHIL,2025-10
2025-10-03 08:05:00+00:00,29.190000534057617,29.190000534057617,29.190000534057617,29.190000534057617,29.190000534057617,183,RUSHIL,2025-10
2025-10-03 08:10:00+00:00,29.07999992370605,29.07999992370605,29.190000534057617,29.07999992370605,29.11000061035156,2522,RUSHIL,2025-10
2025-10-03 08:15:00+00:00,29.170000076293945,29.170000076293945,29.190000534057617,29.07999992370605,29.190000534057617,84,RUSHIL,2025-10
2025-10-03 08:20:00+00:00,29.290000915527344,29.290000915527344,29.40999984741211,29.290000915527344,29.32999992370605,22295,RUSHIL,2025-10
2025-10-03 08:25:00+00:00,29.290000915527344,29.290000915527344,29.299999237060547,29.290000915527344,29.299999237060547,1440,RUSHIL,2025-10
2025-10-03 08:30:00+00:00,29.290000915527344,29.290000915527344,29.290000915527344,29.170000076293945,29.190000534057617,3726,RUSHIL,2025-10
2025-10-03 08:35:00+00:00,29.15999984741211,29.15999984741211,29.15999984741211,29.15999984741211,29.15999984741211,2852,RUSHIL,2025-10
2025-10-03 08:40:00+00:00,29.1299991607666,29.1299991607666,29.229999542236328,29.1299991607666,29.229999542236328,4360,RUSHIL,2025-10
2025-10-03 08:45:00+00:00,29.270000457763672,29.270000457763672,29.270000457763672,29.229999542236328,29.229999542236328,17,RUSHIL,2025-10
2025-10-03 08:50:00+00:00,29.200000762939453,29.200000762939453,29.25,29.200000762939453,29.25,580,RUSHIL,2025-10
2025-10-03 08:55:00+00:00,29.25,29.25,29.25,29.25,29.25,4,RUSHIL,2025-10
2025-10-03 09:00:00+00:00,29.13999938964844,29.13999938964844,29.229999542236328,29.13999938964844,29.14999961853028,112,RUSHIL,2025-10
2025-10-03 09:05:00+00:00,29.270000457763672,29.270000457763672,29.270000457763672,29.14999961853028,29.14999961853028,1051,RUSHIL,2025-10
2025-10-03 09:10:00+00:00,29.14999961853028,29.14999961853028,29.270000457763672,29.1299991607666,29.270000457763672,11631,RUSHIL,2025-10
2025-10-03 09:15:00+00:00,29.309999465942383,29.309999465942383,29.32999992370605,29.229999542236328,29.26000022888184,2647,RUSHIL,2025-10
2025-10-03 09:20:00+00:00,29.31999969482422,29.31999969482422,29.31999969482422,29.239999771118164,29.299999237060547,4448,RUSHIL,2025-10
2025-10-03 09:25:00+00:00,29.31999969482422,29.31999969482422,29.31999969482422,29.270000457763672,29.31999969482422,0,RUSHIL,2025-10
2025-10-03 09:30:00+00:00,29.14999961853028,29.14999961853028,29.31999969482422,29.14999961853028,29.31999969482422,23409,RUSHIL,2025-10
2025-10-03 09:35:00+00:00,29.280000686645508,29.280000686645508,29.309999465942383,29.170000076293945,29.200000762939453,1395,RUSHIL,2025-10
2025-10-03 09:40:00+00:00,29.309999465942383,29.309999465942383,29.43000030517578,29.280000686645508,29.3700008392334,10437,RUSHIL,2025-10
2025-10-03 09:45:00+00:00,29.39999961853028,29.39999961853028,29.39999961853028,29.270000457763672,29.39999961853028,4137,RUSHIL,2025-10
2025-10-03 09:50:00+00:00,29.25,29.25,29.39999961853028,29.25,29.299999237060547,24935,RUSHIL,2025-10
2025-10-03 09:55:00+00:00,29.790000915527344,29.790000915527344,30.0,29.39999961853028,29.43000030517578,38513,RUSHIL,2025-10
2025-10-06 03:45:00+00:00,29.3700008392334,29.3700008392334,29.670000076293945,29.3700008392334,29.5,0,RUSHIL,2025-10
2025-10-06 03:50:00+00:00,29.190000534057617,29.190000534057617,29.3799991607666,29.190000534057617,29.25,9876,RUSHIL,2025-10
2025-10-06 03:55:00+00:00,29.21999931335449,29.21999931335449,29.309999465942383,29.14999961853028,29.26000022888184,7802,RUSHIL,2025-10
2025-10-06 04:00:00+00:00,29.07999992370605,29.07999992370605,29.270000457763672,28.979999542236328,29.209999084472656,23448,RUSHIL,2025-10
2025-10-06 04:05:00+00:00,29.14999961853028,29.14999961853028,29.200000762939453,29.14999961853028,29.18000030517578,5532,RUSHIL,2025-10
2025-10-06 04:10:00+00:00,29.1299991607666,29.1299991607666,29.13999938964844,28.950000762939453,28.950000762939453,14961,RUSHIL,2025-10
2025-10-06 04:15:00+00:00,29.020000457763672,29.020000457763672,29.200000762939453,29.020000457763672,29.14999961853028,11393,RUSHIL,2025-10
2025-10-06 04:20:00+00:00,29.06999969482422,29.06999969482422,29.100000381469727,29.06999969482422,29.100000381469727,2995,RUSHIL,2025-10
2025-10-06 04:25:00+00:00,29.15999984741211,29.15999984741211,29.229999542236328,28.979999542236328,29.07999992370605,14040,RUSHIL,2025-10
2025-10-06 04:30:00+00:00,29.15999984741211,29.15999984741211,29.25,29.11000061035156,29.25,986,RUSHIL,2025-10
2025-10-06 04:35:00+00:00,29.11000061035156,29.11000061035156,29.11000061035156,29.11000061035156,29.11000061035156,6,RUSHIL,2025-10
2025-10-06 04:40:00+00:00,29.09000015258789,29.09000015258789,29.100000381469727,29.030000686645508,29.100000381469727,690,RUSHIL,2025-10
2025-10-06 04:45:00+00:00,29.049999237060547,29.049999237060547,29.09000015258789,29.049999237060547,29.09000015258789,1861,RUSHIL,2025-10
2025-10-06 04:50:00+00:00,29.049999237060547,29.049999237060547,29.100000381469727,29.030000686645508,29.100000381469727,2658,RUSHIL,2025-10
2025-10-06 04:55:00+00:00,28.950000762939453,28.950000762939453,29.09000015258789,28.950000762939453,29.09000015258789,21760,RUSHIL,2025-10
2025-10-06 05:00:00+00:00,28.89999961853028,28.89999961853028,28.940000534057617,28.89999961853028,28.89999961853028,5372,RUSHIL,2025-10
2025-10-06 05:05:00+00:00,28.940000534057617,28.940000534057617,29.25,28.75,28.850000381469727,27423,RUSHIL,2025-10
2025-10-06 05:10:00+00:00,28.93000030517578,28.93000030517578,29.0,28.93000030517578,29.0,256,RUSHIL,2025-10
2025-10-06 05:15:00+00:00,28.920000076293945,28.920000076293945,28.920000076293945,28.920000076293945,28.920000076293945,691,RUSHIL,2025-10
2025-10-06 05:20:00+00:00,28.920000076293945,28.920000076293945,28.920000076293945,28.920000076293945,28.920000076293945,497,RUSHIL,2025-10
2025-10-06 05:25:00+00:00,28.89999961853028,28.89999961853028,28.920000076293945,28.89999961853028,28.89999961853028,603,RUSHIL,2025-10
2025-10-06 05:30:00+00:00,28.920000076293945,28.920000076293945,28.920000076293945,28.89999961853028,28.920000076293945,296,RUSHIL,2025-10
2025-10-06 05:35:00+00:00,28.920000076293945,28.920000076293945,28.920000076293945,28.920000076293945,28.920000076293945,231,RUSHIL,2025-10
2025-10-06 05:40:00+00:00,28.90999984741211,28.90999984741211,28.90999984741211,28.809999465942383,28.89999961853028,4200,RUSHIL,2025-10
2025-10-06 05:45:00+00:00,28.809999465942383,28.809999465942383,28.8700008392334,28.799999237060547,28.8700008392334,17593,RUSHIL,2025-10
2025-10-06 05:50:00+00:00,28.88999938964844,28.88999938964844,28.88999938964844,28.809999465942383,28.809999465942383,857,RUSHIL,2025-10
2025-10-06 05:55:00+00:00,28.350000381469727,28.350000381469727,28.81999969482422,28.32999992370605,28.81999969482422,68782,RUSHIL,2025-10
2025-10-06 06:00:00+00:00,28.479999542236328,28.479999542236328,28.479999542236328,28.299999237060547,28.39999961853028,31239,RUSHIL,2025-10
2025-10-06 06:05:00+00:00,28.440000534057617,28.440000534057617,28.56999969482422,28.440000534057617,28.450000762939453,2240,RUSHIL,2025-10
2025-10-06 06:10:00+00:00,28.239999771118164,28.239999771118164,28.31999969482422,28.1200008392334,28.31999969482422,58964,RUSHIL,2025-10
2025-10-06 06:15:00+00:00,28.270000457763672,28.270000457763672,28.40999984741211,28.270000457763672,28.299999237060547,7385,RUSHIL,2025-10
2025-10-06 06:20:00+00:00,28.36000061035156,28.36000061035156,28.36000061035156,28.280000686645508,28.299999237060547,1456,RUSHIL,2025-10
2025-10-06 06:25:00+00:00,28.299999237060547,28.299999237060547,28.3700008392334,28.299999237060547,28.32999992370605,911,RUSHIL,2025-10
2025-10-06 06:30:00+00:00,28.440000534057617,28.440000534057617,28.440000534057617,28.31999969482422,28.36000061035156,8845,RUSHIL,2025-10
2025-10-06 06:35:00+00:00,28.31999969482422,28.31999969482422,28.450000762939453,28.299999237060547,28.450000762939453,44099,RUSHIL,2025-10
2025-10-06 06:40:00+00:00,28.520000457763672,28.520000457763672,28.540000915527344,28.32999992370605,28.32999992370605,12076,RUSHIL,2025-10
2025-10-06 06:45:00+00:00,28.559999465942383,28.559999465942383,28.559999465942383,28.46999931335449,28.549999237060547,313,RUSHIL,2025-10
2025-10-06 06:50:00+00:00,28.350000381469727,28.350000381469727,28.549999237060547,28.34000015258789,28.549999237060547,3168,RUSHIL,2025-10
2025-10-06 06:55:00+00:00,28.34000015258789,28.34000015258789,28.459999084472656,28.32999992370605,28.459999084472656,850,RUSHIL,2025-10
2025-10-06 07:00:00+00:00,28.450000762939453,28.450000762939453,28.450000762939453,28.309999465942383,28.450000762939453,2374,RUSHIL,2025-10
2025-10-06 07:05:00+00:00,28.440000534057617,28.440000534057617,28.450000762939453,28.440000534057617,28.450000762939453,203,RUSHIL,2025-10
2025-10-06 07:10:00+00:00,28.440000534057617,28.440000534057617,28.440000534057617,28.39999961853028,28.39999961853028,3549,RUSHIL,2025-10
2025-10-06 07:15:00+00:00,28.440000534057617,28.440000534057617,28.540000915527344,28.40999984741211,28.40999984741211,5769,RUSHIL,2025-10
2025-10-06 07:20:00+00:00,28.489999771118164,28.489999771118164,28.520000457763672,28.420000076293945,28.440000534057617,3887,RUSHIL,2025-10
2025-10-06 07:25:00+00:00,28.489999771118164,28.489999771118164,28.51000022888184,28.489999771118164,28.489999771118164,5543,RUSHIL,2025-10
2025-10-06 07:30:00+00:00,28.440000534057617,28.440000534057617,28.51000022888184,28.350000381469727,28.489999771118164,73,RUSHIL,2025-10
2025-10-06 07:35:00+00:00,28.440000534057617,28.440000534057617,28.440000534057617,28.350000381469727,28.39999961853028,399,RUSHIL,2025-10
2025-10-06 07:40:00+00:00,28.36000061035156,28.36000061035156,28.450000762939453,28.36000061035156,28.450000762939453,1110,RUSHIL,2025-10
2025-10-06 07:45:00+00:00,28.63999938964844,28.63999938964844,28.63999938964844,28.489999771118164,28.5,14316,RUSHIL,2025-10
2025-10-06 07:50:00+00:00,28.600000381469727,28.600000381469727,28.690000534057617,28.600000381469727,28.600000381469727,1596,RUSHIL,2025-10
2025-10-06 07:55:00+00:00,28.75,28.75,28.780000686645508,28.600000381469727,28.600000381469727,14000,RUSHIL,2025-10
2025-10-06 08:00:00+00:00,28.690000534057617,28.690000534057617,28.75,28.690000534057617,28.75,2175,RUSHIL,2025-10
2025-10-06 08:05:00+00:00,28.65999984741211,28.65999984741211,28.780000686645508,28.65999984741211,28.780000686645508,2444,RUSHIL,2025-10
2025-10-06 08:10:00+00:00,28.75,28.75,28.75,28.61000061035156,28.61000061035156,2812,RUSHIL,2025-10
2025-10-06 08:15:00+00:00,28.739999771118164,28.739999771118164,28.790000915527344,28.670000076293945,28.75,2545,RUSHIL,2025-10
2025-10-06 08:20:00+00:00,28.729999542236328,28.729999542236328,28.739999771118164,28.670000076293945,28.739999771118164,0,RUSHIL,2025-10
2025-10-06 08:25:00+00:00,28.170000076293945,28.170000076293945,28.729999542236328,28.170000076293945,28.729999542236328,63508,RUSHIL,2025-10
2025-10-06 08:30:00+00:00,28.01000022888184,28.01000022888184,28.200000762939453,27.88999938964844,28.200000762939453,52272,RUSHIL,2025-10
2025-10-06 08:35:00+00:00,28.26000022888184,28.26000022888184,28.26000022888184,28.0,28.040000915527344,11919,RUSHIL,2025-10
2025-10-06 08:40:00+00:00,27.799999237060547,27.799999237060547,28.229999542236328,27.729999542236328,28.1200008392334,79298,RUSHIL,2025-10
2025-10-06 08:45:00+00:00,27.84000015258789,27.84000015258789,27.93000030517578,27.799999237060547,27.850000381469727,10687,RUSHIL,2025-10
2025-10-06 08:50:00+00:00,27.989999771118164,27.989999771118164,27.989999771118164,27.799999237060547,27.799999237060547,13437,RUSHIL,2025-10
2025-10-06 08:55:00+00:00,28.07999992370605,28.07999992370605,28.07999992370605,27.96999931335449,27.96999931335449,7581,RUSHIL,2025-10
2025-10-06 09:00:00+00:00,28.15999984741211,28.15999984741211,28.15999984741211,28.020000457763672,28.030000686645508,5249,RUSHIL,2025-10
2025-10-06 09:05:00+00:00,28.18000030517578,28.18000030517578,28.18000030517578,28.07999992370605,28.07999992370605,2130,RUSHIL,2025-10
2025-10-06 09:10:00+00:00,28.13999938964844,28.13999938964844,28.13999938964844,28.020000457763672,28.09000015258789,4510,RUSHIL,2025-10
2025-10-06 09:15:00+00:00,28.020000457763672,28.020000457763672,28.1299991607666,28.020000457763672,28.09000015258789,4287,RUSHIL,2025-10
2025-10-06 09:20:00+00:00,28.06999969482422,28.06999969482422,28.07999992370605,28.049999237060547,28.06999969482422,2214,RUSHIL,2025-10
2025-10-06 09:25:00+00:00,28.07999992370605,28.07999992370605,28.07999992370605,28.049999237060547,28.049999237060547,525,RUSHIL,2025-10
2025-10-06 09:30:00+00:00,27.700000762939453,27.700000762939453,28.07999992370605,27.64999961853028,28.07999992370605,68099,RUSHIL,2025-10
2025-10-06 09:35:00+00:00,27.790000915527344,27.790000915527344,27.81999969482422,27.5,27.68000030517578,15335,RUSHIL,2025-10
2025-10-06 09:40:00+00:00,27.93000030517578,27.93000030517578,27.93000030517578,27.790000915527344,27.790000915527344,9644,RUSHIL,2025-10
2025-10-06 09:45:00+00:00,27.90999984741211,27.90999984741211,27.950000762939453,27.82999992370605,27.920000076293945,8344,RUSHIL,2025-10
2025-10-06 09:50:00+00:00,27.81999969482422,27.81999969482422,27.90999984741211,27.809999465942383,27.90999984741211,13474,RUSHIL,2025-10
2025-10-06 09:55:00+00:00,27.799999237060547,27.799999237060547,27.979999542236328,27.799999237060547,27.81999969482422,0,RUSHIL,2025-10
2025-10-07 03:45:00+00:00,27.950000762939453,27.950000762939453,28.170000076293945,27.950000762939453,28.01000022888184,14263,RUSHIL,2025-10
2025-10-07 03:50:00+00:00,28.040000915527344,28.040000915527344,28.100000381469727,28.01000022888184,28.020000457763672,12312,RUSHIL,2025-10
2025-10-07 03:55:00+00:00,28.1200008392334,28.1200008392334,28.1200008392334,28.0,28.040000915527344,4241,RUSHIL,2025-10
2025-10-07 04:00:00+00:00,28.07999992370605,28.07999992370605,28.1299991607666,28.040000915527344,28.07999992370605,7528,RUSHIL,2025-10
2025-10-07 04:05:00+00:00,27.959999084472656,27.959999084472656,28.100000381469727,27.959999084472656,28.100000381469727,3405,RUSHIL,2025-10
2025-10-07 04:10:00+00:00,27.940000534057617,27.940000534057617,28.01000022888184,27.86000061035156,27.86000061035156,5783,RUSHIL,2025-10
2025-10-07 04:15:00+00:00,27.549999237060547,27.549999237060547,27.670000076293945,27.5,27.549999237060547,72791,RUSHIL,2025-10
2025-10-07 04:20:00+00:00,27.6299991607666,27.6299991607666,27.64999961853028,27.46999931335449,27.549999237060547,9295,RUSHIL,2025-10
2025-10-07 04:25:00+00:00,27.5,27.5,27.63999938964844,27.450000762939453,27.540000915527344,9418,RUSHIL,2025-10
2025-10-07 04:30:00+00:00,27.559999465942383,27.559999465942383,27.600000381469727,27.5,27.5,3828,RUSHIL,2025-10
2025-10-07 04:35:00+00:00,27.40999984741211,27.40999984741211,27.57999992370605,27.36000061035156,27.5,6418,RUSHIL,2025-10
2025-10-07 04:40:00+00:00,27.479999542236328,27.479999542236328,27.59000015258789,27.40999984741211,27.40999984741211,21958,RUSHIL,2025-10
2025-10-07 04:45:00+00:00,27.40999984741211,27.40999984741211,27.420000076293945,27.40999984741211,27.40999984741211,1402,RUSHIL,2025-10
2025-10-07 04:50:00+00:00,27.549999237060547,27.549999237060547,27.549999237060547,27.40999984741211,27.40999984741211,964,RUSHIL,2025-10
2025-10-07 04:55:00+00:00,27.5,27.5,27.559999465942383,27.46999931335449,27.559999465942383,6448,RUSHIL,2025-10
2025-10-07 05:00:00+00:00,27.51000022888184,27.51000022888184,27.559999465942383,27.51000022888184,27.559999465942383,0,RUSHIL,2025-10
2025-10-07 05:05:00+00:00,27.549999237060547,27.549999237060547,27.549999237060547,27.51000022888184,27.51000022888184,468,RUSHIL,2025-10
2025-10-07 05:10:00+00:00,27.549999237060547,27.549999237060547,27.6299991607666,27.549999237060547,27.549999237060547,2416,RUSHIL,2025-10
2025-10-07 05:15:00+00:00,27.59000015258789,27.59000015258789,27.600000381469727,27.549999237060547,27.600000381469727,4241,RUSHIL,2025-10
2025-10-07 05:20:00+00:00,27.5,27.5,27.549999237060547,27.5,27.549999237060547,2395,RUSHIL,2025-10
2025-10-07 05:25:00+00:00,27.479999542236328,27.479999542236328,27.530000686645508,27.46999931335449,27.5,1509,RUSHIL,2025-10
2025-10-07 05:30:00+00:00,27.459999084472656,27.459999084472656,27.51000022888184,27.459999084472656,27.51000022888184,537,RUSHIL,2025-10
2025-10-07 05:35:00+00:00,27.459999084472656,27.459999084472656,27.46999931335449,27.420000076293945,27.450000762939453,1511,RUSHIL,2025-10
2025-10-07 05:40:00+00:00,27.40999984741211,27.40999984741211,27.450000762939453,27.40999984741211,27.40999984741211,1048,RUSHIL,2025-10
2025-10-07 05:45:00+00:00,27.38999938964844,27.38999938964844,27.440000534057617,27.38999938964844,27.39999961853028,5172,RUSHIL,2025-10
2025-10-07 05:50:00+00:00,27.46999931335449,27.46999931335449,27.46999931335449,27.38999938964844,27.43000030517578,1191,RUSHIL,2025-10
2025-10-07 05:55:00+00:00,27.40999984741211,27.40999984741211,27.46999931335449,27.40999984741211,27.440000534057617,638,RUSHIL,2025-10
2025-10-07 06:00:00+00:00,27.39999961853028,27.39999961853028,27.479999542236328,27.39999961853028,27.46999931335449,1263,RUSHIL,2025-10
2025-10-07 06:05:00+00:00,27.39999961853028,27.39999961853028,27.489999771118164,27.39999961853028,27.489999771118164,4029,RUSHIL,2025-10
2025-10-07 06:10:00+00:00,27.40999984741211,27.40999984741211,27.40999984741211,27.38999938964844,27.38999938964844,806,RUSHIL,2025-10
2025-10-07 06:15:00+00:00,27.559999465942383,27.559999465942383,27.600000381469727,27.5,27.5,8781,RUSHIL,2025-10
2025-10-07 06:20:00+00:00,27.520000457763672,27.520000457763672,27.559999465942383,27.46999931335449,27.559999465942383,831,RUSHIL,2025-10
2025-10-07 06:25:00+00:00,27.57999992370605,27.57999992370605,27.57999992370605,27.57999992370605,27.57999992370605,195,RUSHIL,2025-10
2025-10-07 06:30:00+00:00,27.600000381469727,27.600000381469727,27.600000381469727,27.57999992370605,27.57999992370605,5842,RUSHIL,2025-10
2025-10-07 06:35:00+00:00,27.57999992370605,27.57999992370605,27.57999992370605,27.520000457763672,27.530000686645508,460,RUSHIL,2025-10
2025-10-07 06:40:00+00:00,27.520000457763672,27.520000457763672,27.57999992370605,27.40999984741211,27.57999992370605,10990,RUSHIL,2025-10
2025-10-07 06:45:00+00:00,27.540000915527344,27.540000915527344,27.540000915527344,27.40999984741211,27.40999984741211,1399,RUSHIL,2025-10
2025-10-07 06:50:00+00:00,27.56999969482422,27.56999969482422,27.56999969482422,27.549999237060547,27.549999237060547,1035,RUSHIL,2025-10
2025-10-07 06:55:00+00:00,27.59000015258789,27.59000015258789,27.59000015258789,27.56999969482422,27.56999969482422,673,RUSHIL,2025-10
2025-10-07 07:00:00+00:00,27.6200008392334,27.6200008392334,27.65999984741211,27.59000015258789,27.59000015258789,1422,RUSHIL,2025-10
2025-10-07 07:05:00+00:00,27.5,27.5,27.51000022888184,27.5,27.51000022888184,1995,RUSHIL,2025-10
2025-10-07 07:10:00+00:00,27.61000061035156,27.61000061035156,27.61000061035156,27.5,27.5,1254,RUSHIL,2025-10
2025-10-07 07:15:00+00:00,27.5,27.5,27.61000061035156,27.5,27.61000061035156,1912,RUSHIL,2025-10
2025-10-07 07:20:00+00:00,27.5,27.5,27.5,27.5,27.5,411,RUSHIL,2025-10
2025-10-07 07:30:00+00:00,27.5,27.5,27.600000381469727,27.5,27.5,1111,RUSHIL,2025-10
2025-10-07 07:35:00+00:00,27.59000015258789,27.59000015258789,27.59000015258789,27.559999465942383,27.559999465942383,3124,RUSHIL,2025-10
2025-10-07 07:40:00+00:00,27.64999961853028,27.64999961853028,27.65999984741211,27.64999961853028,27.65999984741211,18135,RUSHIL,2025-10
2025-10-07 07:45:00+00:00,27.690000534057617,27.690000534057617,27.690000534057617,27.6299991607666,27.64999961853028,5401,RUSHIL,2025-10
2025-10-07 07:50:00+00:00,27.559999465942383,27.559999465942383,27.6299991607666,27.559999465942383,27.6299991607666,713,RUSHIL,2025-10
2025-10-07 07:55:00+00:00,27.540000915527344,27.540000915527344,27.540000915527344,27.530000686645508,27.530000686645508,1289,RUSHIL,2025-10
2025-10-07 08:00:00+00:00,27.540000915527344,27.540000915527344,27.540000915527344,27.540000915527344,27.540000915527344,0,RUSHIL,2025-10
2025-10-07 08:05:00+00:00,27.59000015258789,27.59000015258789,27.59000015258789,27.59000015258789,27.59000015258789,43,RUSHIL,2025-10
2025-10-07 08:10:00+00:00,27.520000457763672,27.520000457763672,27.63999938964844,27.520000457763672,27.549999237060547,3125,RUSHIL,2025-10
2025-10-07 08:15:00+00:00,27.520000457763672,27.520000457763672,27.530000686645508,27.520000457763672,27.530000686645508,980,RUSHIL,2025-10
2025-10-07 08:20:00+00:00,27.520000457763672,27.520000457763672,27.57999992370605,27.520000457763672,27.57999992370605,682,RUSHIL,2025-10
2025-10-07 08:25:00+00:00,27.559999465942383,27.559999465942383,27.56999969482422,27.559999465942383,27.56999969482422,330,RUSHIL,2025-10
2025-10-07 08:30:00+00:00,27.56999969482422,27.56999969482422,27.56999969482422,27.520000457763672,27.520000457763672,3944,RUSHIL,2025-10
2025-10-07 08:35:00+00:00,27.530000686645508,27.530000686645508,27.57999992370605,27.530000686645508,27.57999992370605,1662,RUSHIL,2025-10
2025-10-07 08:40:00+00:00,27.600000381469727,27.600000381469727,27.600000381469727,27.530000686645508,27.530000686645508,580,RUSHIL,2025-10
2025-10-07 08:45:00+00:00,27.520000457763672,27.520000457763672,27.520000457763672,27.520000457763672,27.520000457763672,6355,RUSHIL,2025-10
2025-10-07 08:50:00+00:00,27.520000457763672,27.520000457763672,27.520000457763672,27.520000457763672,27.520000457763672,0,RUSHIL,2025-10
2025-10-07 08:55:00+00:00,27.520000457763672,27.520000457763672,27.57999992370605,27.520000457763672,27.520000457763672,870,RUSHIL,2025-10
2025-10-07 09:00:00+00:00,27.520000457763672,27.520000457763672,27.520000457763672,27.520000457763672,27.520000457763672,245,RUSHIL,2025-10
2025-10-07 09:05:00+00:00,27.540000915527344,27.540000915527344,27.56999969482422,27.520000457763672,27.520000457763672,2034,RUSHIL,2025-10
2025-10-07 09:10:00+00:00,27.51000022888184,27.51000022888184,27.540000915527344,27.51000022888184,27.520000457763672,1771,RUSHIL,2025-10
2025-10-07 09:15:00+00:00,27.549999237060547,27.549999237060547,27.549999237060547,27.540000915527344,27.540000915527344,1772,RUSHIL,2025-10
2025-10-07 09:20:00+00:00,27.549999237060547,27.549999237060547,27.549999237060547,27.51000022888184,27.549999237060547,3891,RUSHIL,2025-10
2025-10-07 09:25:00+00:00,27.57999992370605,27.57999992370605,27.57999992370605,27.549999237060547,27.549999237060547,815,RUSHIL,2025-10
2025-10-07 09:30:00+00:00,27.549999237060547,27.549999237060547,27.600000381469727,27.549999237060547,27.600000381469727,15606,RUSHIL,2025-10
2025-10-07 09:35:00+00:00,27.6200008392334,27.6200008392334,27.700000762939453,27.549999237060547,27.64999961853028,3384,RUSHIL,2025-10
2025-10-07 09:40:00+00:00,27.780000686645508,27.780000686645508,27.780000686645508,27.600000381469727,27.600000381469727,7172,RUSHIL,2025-10
2025-10-07 09:45:00+00:00,27.75,27.75,27.75,27.549999237060547,27.729999542236328,15913,RUSHIL,2025-10
2025-10-07 09:50:00+00:00,27.56999969482422,27.56999969482422,27.790000915527344,27.549999237060547,27.790000915527344,6545,RUSHIL,2025-10
2025-10-07 09:55:00+00:00,27.600000381469727,27.600000381469727,27.65999984741211,27.51000022888184,27.65999984741211,21848,RUSHIL,2025-10
2025-10-08 03:45:00+00:00,27.709999084472656,27.709999084472656,27.89999961853028,27.6200008392334,27.6200008392334,0,RUSHIL,2025-10
2025-10-08 03:50:00+00:00,27.8700008392334,27.8700008392334,27.90999984741211,27.690000534057617,27.75,12126,RUSHIL,2025-10
2025-10-08 03:55:00+00:00,27.71999931335449,27.71999931335449,27.8799991607666,27.700000762939453,27.8799991607666,3020,RUSHIL,2025-10
2025-10-08 04:00:00+00:00,27.729999542236328,27.729999542236328,27.790000915527344,27.65999984741211,27.65999984741211,7010,RUSHIL,2025-10
2025-10-08 04:05:00+00:00,27.709999084472656,27.709999084472656,27.71999931335449,27.670000076293945,27.709999084472656,10373,RUSHIL,2025-10
2025-10-08 04:10:00+00:00,27.75,27.75,27.75,27.6299991607666,27.709999084472656,3183,RUSHIL,2025-10
2025-10-08 04:15:00+00:00,27.75,27.75,27.75,27.75,27.75,250,RUSHIL,2025-10
2025-10-08 04:20:00+00:00,27.75,27.75,27.75,27.65999984741211,27.700000762939453,1236,RUSHIL,2025-10
2025-10-08 04:25:00+00:00,27.76000022888184,27.76000022888184,27.76000022888184,27.670000076293945,27.75,1764,RUSHIL,2025-10
2025-10-08 04:30:00+00:00,27.809999465942383,27.809999465942383,27.81999969482422,27.729999542236328,27.81999969482422,1199,RUSHIL,2025-10
2025-10-08 04:35:00+00:00,27.8700008392334,27.8700008392334,27.90999984741211,27.809999465942383,27.809999465942383,3927,RUSHIL,2025-10
2025-10-08 04:40:00+00:00,27.670000076293945,27.670000076293945,27.850000381469727,27.670000076293945,27.850000381469727,7157,RUSHIL,2025-10
2025-10-08 04:45:00+00:00,27.71999931335449,27.71999931335449,27.739999771118164,27.670000076293945,27.71999931335449,1629,RUSHIL,2025-10
2025-10-08 04:50:00+00:00,27.670000076293945,27.670000076293945,27.71999931335449,27.670000076293945,27.71999931335449,2396,RUSHIL,2025-10
2025-10-08 04:55:00+00:00,27.6299991607666,27.6299991607666,27.700000762939453,27.600000381469727,27.65999984741211,8175,RUSHIL,2025-10
2025-10-08 05:00:00+00:00,27.71999931335449,27.71999931335449,27.71999931335449,27.71999931335449,27.71999931335449,197,RUSHIL,2025-10
2025-10-08 05:05:00+00:00,27.690000534057617,27.690000534057617,27.729999542236328,27.63999938964844,27.729999542236328,210,RUSHIL,2025-10
2025-10-08 05:10:00+00:00,27.729999542236328,27.729999542236328,27.729999542236328,27.71999931335449,27.71999931335449,1743,RUSHIL,2025-10
2025-10-08 05:15:00+00:00,27.63999938964844,27.63999938964844,27.729999542236328,27.63999938964844,27.729999542236328,1105,RUSHIL,2025-10
2025-10-08 05:20:00+00:00,27.6299991607666,27.6299991607666,27.700000762939453,27.6299991607666,27.68000030517578,1106,RUSHIL,2025-10
2025-10-08 05:25:00+00:00,27.690000534057617,27.690000534057617,27.690000534057617,27.63999938964844,27.63999938964844,984,RUSHIL,2025-10
2025-10-08 05:30:00+00:00,27.479999542236328,27.479999542236328,27.700000762939453,27.450000762939453,27.690000534057617,7647,RUSHIL,2025-10
2025-10-08 05:35:00+00:00,27.440000534057617,27.440000534057617,27.450000762939453,27.440000534057617,27.450000762939453,1755,RUSHIL,2025-10
2025-10-08 05:40:00+00:00,27.40999984741211,27.40999984741211,27.489999771118164,27.39999961853028,27.489999771118164,859,RUSHIL,2025-10
2025-10-08 05:45:00+00:00,27.5,27.5,27.5,27.479999542236328,27.479999542236328,285,RUSHIL,2025-10
2025-10-08 05:50:00+00:00,27.479999542236328,27.479999542236328,27.5,27.459999084472656,27.479999542236328,744,RUSHIL,2025-10
2025-10-08 05:55:00+00:00,27.5,27.5,27.5,27.39999961853028,27.39999961853028,2186,RUSHIL,2025-10
2025-10-08 06:00:00+00:00,27.40999984741211,27.40999984741211,27.40999984741211,27.39999961853028,27.39999961853028,3202,RUSHIL,2025-10
2025-10-08 06:05:00+00:00,27.43000030517578,27.43000030517578,27.559999465942383,27.43000030517578,27.540000915527344,3115,RUSHIL,2025-10
2025-10-08 06:10:00+00:00,27.43000030517578,27.43000030517578,27.450000762939453,27.43000030517578,27.450000762939453,7556,RUSHIL,2025-10
2025-10-08 06:15:00+00:00,27.559999465942383,27.559999465942383,27.559999465942383,27.440000534057617,27.440000534057617,0,RUSHIL,2025-10
2025-10-08 06:20:00+00:00,27.520000457763672,27.520000457763672,27.63999938964844,27.520000457763672,27.6200008392334,1294,RUSHIL,2025-10
2025-10-08 06:30:00+00:00,27.46999931335449,27.46999931335449,27.61000061035156,27.450000762939453,27.61000061035156,3579,RUSHIL,2025-10
2025-10-08 06:35:00+00:00,27.51000022888184,27.51000022888184,27.51000022888184,27.36000061035156,27.479999542236328,3825,RUSHIL,2025-10
2025-10-08 06:40:00+00:00,27.540000915527344,27.540000915527344,27.540000915527344,27.3700008392334,27.3700008392334,1457,RUSHIL,2025-10
2025-10-08 06:45:00+00:00,27.520000457763672,27.520000457763672,27.520000457763672,27.520000457763672,27.520000457763672,55,RUSHIL,2025-10
2025-10-08 06:50:00+00:00,27.39999961853028,27.39999961853028,27.5,27.39999961853028,27.5,117,RUSHIL,2025-10
2025-10-08 06:55:00+00:00,27.39999961853028,27.39999961853028,27.39999961853028,27.38999938964844,27.38999938964844,603,RUSHIL,2025-10
2025-10-08 07:05:00+00:00,27.450000762939453,27.450000762939453,27.450000762939453,27.38999938964844,27.450000762939453,1288,RUSHIL,2025-10
2025-10-08 07:10:00+00:00,27.3799991607666,27.3799991607666,27.3799991607666,27.3799991607666,27.3799991607666,1991,RUSHIL,2025-10
2025-10-08 07:15:00+00:00,27.459999084472656,27.459999084472656,27.459999084472656,27.34000015258789,27.440000534057617,16110,RUSHIL,2025-10
2025-10-08 07:20:00+00:00,27.530000686645508,27.530000686645508,27.549999237060547,27.459999084472656,27.489999771118164,4274,RUSHIL,2025-10
2025-10-08 07:25:00+00:00,27.600000381469727,27.600000381469727,27.600000381469727,27.46999931335449,27.46999931335449,1515,RUSHIL,2025-10
2025-10-08 07:30:00+00:00,27.6200008392334,27.6200008392334,27.6200008392334,27.479999542236328,27.479999542236328,2821,RUSHIL,2025-10
2025-10-08 07:35:00+00:00,27.56999969482422,27.56999969482422,27.56999969482422,27.479999542236328,27.479999542236328,183,RUSHIL,2025-10
2025-10-08 07:45:00+00:00,27.540000915527344,27.540000915527344,27.56999969482422,27.530000686645508,27.56999969482422,363,RUSHIL,2025-10
2025-10-08 07:50:00+00:00,27.530000686645508,27.530000686645508,27.530000686645508,27.530000686645508,27.530000686645508,0,RUSHIL,2025-10
2025-10-08 07:55:00+00:00,27.540000915527344,27.540000915527344,27.540000915527344,27.540000915527344,27.540000915527344,148,RUSHIL,2025-10
2025-10-08 08:00:00+00:00,27.59000015258789,27.59000015258789,27.59000015258789,27.530000686645508,27.530000686645508,184,RUSHIL,2025-10
2025-10-08 08:05:00+00:00,27.59000015258789,27.59000015258789,27.59000015258789,27.59000015258789,27.59000015258789,46,RUSHIL,2025-10
2025-10-08 08:10:00+00:00,27.540000915527344,27.540000915527344,27.540000915527344,27.540000915527344,27.540000915527344,165,RUSHIL,2025-10
2025-10-08 08:15:00+00:00,27.600000381469727,27.600000381469727,27.600000381469727,27.59000015258789,27.600000381469727,587,RUSHIL,2025-10
2025-10-08 08:20:00+00:00,27.559999465942383,27.559999465942383,27.600000381469727,27.559999465942383,27.600000381469727,95,RUSHIL,2025-10
2025-10-08 08:25:00+00:00,27.559999465942383,27.559999465942383,27.559999465942383,27.559999465942383,27.559999465942383,276,RUSHIL,2025-10
2025-10-08 08:30:00+00:00,27.6200008392334,27.6200008392334,27.6200008392334,27.559999465942383,27.559999465942383,3258,RUSHIL,2025-10
2025-10-08 08:35:00+00:00,27.549999237060547,27.549999237060547,27.549999237060547,27.549999237060547,27.549999237060547,200,RUSHIL,2025-10
2025-10-08 08:40:00+00:00,27.549999237060547,27.549999237060547,27.549999237060547,27.549999237060547,27.549999237060547,200,RUSHIL,2025-10
2025-10-08 08:45:00+00:00,27.549999237060547,27.549999237060547,27.549999237060547,27.51000022888184,27.51000022888184,184,RUSHIL,2025-10
2025-10-08 08:50:00+00:00,27.5,27.5,27.51000022888184,27.5,27.51000022888184,335,RUSHIL,2025-10
2025-10-08 08:55:00+00:00,27.61000061035156,27.61000061035156,27.61000061035156,27.51000022888184,27.549999237060547,578,RUSHIL,2025-10
2025-10-08 09:00:00+00:00,27.559999465942383,27.559999465942383,27.559999465942383,27.559999465942383,27.559999465942383,1,RUSHIL,2025-10
2025-10-08 09:05:00+00:00,27.489999771118164,27.489999771118164,27.559999465942383,27.489999771118164,27.559999465942383,3429,RUSHIL,2025-10
2025-10-08 09:10:00+00:00,27.600000381469727,27.600000381469727,27.600000381469727,27.489999771118164,27.489999771118164,3433,RUSHIL,2025-10
2025-10-08 09:15:00+00:00,27.600000381469727,27.600000381469727,27.600000381469727,27.5,27.59000015258789,115,RUSHIL,2025-10
2025-10-08 09:25:00+00:00,27.450000762939453,27.450000762939453,27.450000762939453,27.450000762939453,27.450000762939453,3374,RUSHIL,2025-10
2025-10-08 09:30:00+00:00,27.440000534057617,27.440000534057617,27.57999992370605,27.440000534057617,27.57999992370605,8068,RUSHIL,2025-10
2025-10-08 09:35:00+00:00,27.549999237060547,27.549999237060547,27.549999237060547,27.440000534057617,27.440000534057617,4494,RUSHIL,2025-10
2025-10-08 09:40:00+00:00,27.34000015258789,27.34000015258789,27.450000762939453,27.34000015258789,27.450000762939453,2094,RUSHIL,2025-10
2025-10-08 09:45:00+00:00,27.309999465942383,27.309999465942383,27.450000762939453,27.309999465942383,27.450000762939453,2842,RUSHIL,2025-10
2025-10-08 09:50:00+00:00,27.1200008392334,27.1200008392334,27.450000762939453,27.1200008392334,27.450000762939453,25061,RUSHIL,2025-10
2025-10-08 09:55:00+00:00,27.200000762939453,27.200000762939453,27.200000762939453,27.040000915527344,27.18000030517578,35780,RUSHIL,2025-10
2025-10-09 03:45:00+00:00,27.26000022888184,27.26000022888184,27.38999938964844,27.100000381469727,27.350000381469727,0,RUSHIL,2025-10
2025-10-09 03:50:00+00:00,27.43000030517578,27.43000030517578,27.43000030517578,27.26000022888184,27.40999984741211,7197,RUSHIL,2025-10
2025-10-09 03:55:00+00:00,27.34000015258789,27.34000015258789,27.450000762939453,27.299999237060547,27.440000534057617,11685,RUSHIL,2025-10
2025-10-09 04:00:00+00:00,27.200000762939453,27.200000762939453,27.40999984741211,27.200000762939453,27.34000015258789,5919,RUSHIL,2025-10
2025-10-09 04:05:00+00:00,27.18000030517578,27.18000030517578,27.190000534057617,27.030000686645508,27.190000534057617,9830,RUSHIL,2025-10
2025-10-09 04:10:00+00:00,27.07999992370605,27.07999992370605,27.1299991607666,27.040000915527344,27.1299991607666,2719,RUSHIL,2025-10
2025-10-09 04:15:00+00:00,27.07999992370605,27.07999992370605,27.1299991607666,27.049999237060547,27.07999992370605,6970,RUSHIL,2025-10
2025-10-09 04:20:00+00:00,27.15999984741211,27.15999984741211,27.200000762939453,27.15999984741211,27.200000762939453,297,RUSHIL,2025-10
2025-10-09 04:25:00+00:00,27.170000076293945,27.170000076293945,27.200000762939453,27.1200008392334,27.190000534057617,5009,RUSHIL,2025-10
2025-10-09 04:30:00+00:00,27.100000381469727,27.100000381469727,27.170000076293945,27.100000381469727,27.1200008392334,1547,RUSHIL,2025-10
2025-10-09 04:35:00+00:00,27.07999992370605,27.07999992370605,27.09000015258789,27.0,27.07999992370605,2800,RUSHIL,2025-10
2025-10-09 04:40:00+00:00,27.06999969482422,27.06999969482422,27.06999969482422,27.040000915527344,27.059999465942383,1007,RUSHIL,2025-10
2025-10-09 04:45:00+00:00,27.07999992370605,27.07999992370605,27.07999992370605,27.06999969482422,27.06999969482422,1801,RUSHIL,2025-10
2025-10-09 04:50:00+00:00,27.0,27.0,27.100000381469727,27.0,27.100000381469727,3924,RUSHIL,2025-10
2025-10-09 04:55:00+00:00,27.09000015258789,27.09000015258789,27.09000015258789,27.040000915527344,27.07999992370605,556,RUSHIL,2025-10
2025-10-09 05:00:00+00:00,27.049999237060547,27.049999237060547,27.09000015258789,26.959999084472656,27.09000015258789,12028,RUSHIL,2025-10
2025-10-09 05:05:00+00:00,27.06999969482422,27.06999969482422,27.06999969482422,27.0,27.059999465942383,588,RUSHIL,2025-10
2025-10-09 05:10:00+00:00,27.0,27.0,27.06999969482422,27.0,27.06999969482422,736,RUSHIL,2025-10
2025-10-09 05:15:00+00:00,26.8700008392334,26.8700008392334,26.989999771118164,26.8700008392334,26.989999771118164,2325,RUSHIL,2025-10
2025-10-09 05:20:00+00:00,26.989999771118164,26.989999771118164,26.989999771118164,26.90999984741211,26.93000030517578,1491,RUSHIL,2025-10
2025-10-09 05:25:00+00:00,26.989999771118164,26.989999771118164,27.049999237060547,26.979999542236328,26.979999542236328,1754,RUSHIL,2025-10
2025-10-09 05:30:00+00:00,26.89999961853028,26.89999961853028,27.020000457763672,26.89999961853028,27.020000457763672,2008,RUSHIL,2025-10
2025-10-09 05:35:00+00:00,26.950000762939453,26.950000762939453,27.0,26.950000762939453,26.96999931335449,1112,RUSHIL,2025-10
2025-10-09 05:40:00+00:00,26.89999961853028,26.89999961853028,26.89999961853028,26.89999961853028,26.89999961853028,5545,RUSHIL,2025-10
2025-10-09 05:45:00+00:00,26.989999771118164,26.989999771118164,27.0,26.89999961853028,26.89999961853028,8302,RUSHIL,2025-10
2025-10-09 05:50:00+00:00,26.959999084472656,26.959999084472656,26.989999771118164,26.90999984741211,26.989999771118164,2589,RUSHIL,2025-10
2025-10-09 05:55:00+00:00,26.96999931335449,26.96999931335449,26.96999931335449,26.90999984741211,26.959999084472656,109,RUSHIL,2025-10
2025-10-09 06:00:00+00:00,26.8799991607666,26.8799991607666,26.89999961853028,26.8799991607666,26.89999961853028,902,RUSHIL,2025-10
2025-10-09 06:05:00+00:00,26.950000762939453,26.950000762939453,26.96999931335449,26.89999961853028,26.96999931335449,975,RUSHIL,2025-10
2025-10-09 06:10:00+00:00,26.940000534057617,26.940000534057617,26.940000534057617,26.940000534057617,26.940000534057617,220,RUSHIL,2025-10
2025-10-09 06:15:00+00:00,26.950000762939453,26.950000762939453,26.950000762939453,26.950000762939453,26.950000762939453,8065,RUSHIL,2025-10
2025-10-09 06:20:00+00:00,27.0,27.0,27.0,26.920000076293945,26.920000076293945,3291,RUSHIL,2025-10
2025-10-09 06:25:00+00:00,27.0,27.0,27.13999938964844,26.989999771118164,26.989999771118164,7689,RUSHIL,2025-10
2025-10-09 06:30:00+00:00,27.049999237060547,27.049999237060547,27.06999969482422,27.049999237060547,27.06999969482422,482,RUSHIL,2025-10
2025-10-09 06:35:00+00:00,27.01000022888184,27.01000022888184,27.059999465942383,27.01000022888184,27.059999465942383,5966,RUSHIL,2025-10
2025-10-09 06:40:00+00:00,27.11000061035156,27.11000061035156,27.200000762939453,27.11000061035156,27.14999961853028,3081,RUSHIL,2025-10
2025-10-09 06:45:00+00:00,27.200000762939453,27.200000762939453,27.200000762939453,27.18000030517578,27.18000030517578,955,RUSHIL,2025-10
2025-10-09 06:50:00+00:00,27.07999992370605,27.07999992370605,27.190000534057617,27.07999992370605,27.190000534057617,2003,RUSHIL,2025-10
2025-10-09 06:55:00+00:00,27.07999992370605,27.07999992370605,27.100000381469727,27.07999992370605,27.100000381469727,0,RUSHIL,2025-10
2025-10-09 07:00:00+00:00,27.09000015258789,27.09000015258789,27.1200008392334,27.049999237060547,27.1200008392334,188,RUSHIL,2025-10
2025-10-09 07:05:00+00:00,26.93000030517578,26.93000030517578,27.09000015258789,26.93000030517578,27.09000015258789,7872,RUSHIL,2025-10
2025-10-09 07:10:00+00:00,26.90999984741211,26.90999984741211,26.989999771118164,26.90999984741211,26.989999771118164,398,RUSHIL,2025-10
2025-10-09 07:15:00+00:00,27.0,27.0,27.0,26.950000762939453,26.959999084472656,553,RUSHIL,2025-10
2025-10-09 07:25:00+00:00,27.40999984741211,27.40999984741211,27.440000534057617,27.0,27.0,44419,RUSHIL,2025-10
2025-10-09 07:30:00+00:00,27.229999542236328,27.229999542236328,27.43000030517578,27.229999542236328,27.43000030517578,0,RUSHIL,2025-10
2025-10-09 07:35:00+00:00,27.440000534057617,27.440000534057617,27.440000534057617,27.36000061035156,27.36000061035156,9652,RUSHIL,2025-10
2025-10-09 07:40:00+00:00,27.3700008392334,27.3700008392334,27.420000076293945,27.3700008392334,27.420000076293945,11995,RUSHIL,2025-10
2025-10-09 07:45:00+00:00,27.229999542236328,27.229999542236328,27.39999961853028,27.229999542236328,27.39999961853028,7387,RUSHIL,2025-10
2025-10-09 07:50:00+00:00,27.11000061035156,27.11000061035156,27.209999084472656,27.11000061035156,27.209999084472656,799,RUSHIL,2025-10
2025-10-09 07:55:00+00:00,27.18000030517578,27.18000030517578,27.18000030517578,27.18000030517578,27.18000030517578,589,RUSHIL,2025-10
2025-10-09 08:00:00+00:00,27.270000457763672,27.270000457763672,27.270000457763672,27.21999931335449,27.21999931335449,717,RUSHIL,2025-10
2025-10-09 08:05:00+00:00,27.26000022888184,27.26000022888184,27.26000022888184,27.26000022888184,27.26000022888184,2,RUSHIL,2025-10
2025-10-09 08:10:00+00:00,27.25,27.25,27.25,27.170000076293945,27.170000076293945,1743,RUSHIL,2025-10
2025-10-09 08:15:00+00:00,27.170000076293945,27.170000076293945,27.200000762939453,27.170000076293945,27.200000762939453,290,RUSHIL,2025-10
2025-10-09 08:30:00+00:00,27.200000762939453,27.200000762939453,27.200000762939453,27.18000030517578,27.18000030517578,200,RUSHIL,2025-10
2025-10-09 08:35:00+00:00,27.13999938964844,27.13999938964844,27.13999938964844,27.13999938964844,27.13999938964844,0,RUSHIL,2025-10
2025-10-09 08:40:00+00:00,27.11000061035156,27.11000061035156,27.11000061035156,27.11000061035156,27.11000061035156,901,RUSHIL,2025-10
2025-10-09 08:45:00+00:00,27.13999938964844,27.13999938964844,27.200000762939453,27.13999938964844,27.190000534057617,892,RUSHIL,2025-10
2025-10-09 08:50:00+00:00,27.200000762939453,27.200000762939453,27.200000762939453,27.11000061035156,27.200000762939453,66,RUSHIL,2025-10
2025-10-09 08:55:00+00:00,27.200000762939453,27.200000762939453,27.200000762939453,27.06999969482422,27.200000762939453,5306,RUSHIL,2025-10
2025-10-09 09:00:00+00:00,27.07999992370605,27.07999992370605,27.200000762939453,27.07999992370605,27.200000762939453,1120,RUSHIL,2025-10
2025-10-09 09:05:00+00:00,27.190000534057617,27.190000534057617,27.190000534057617,27.190000534057617,27.190000534057617,2,RUSHIL,2025-10
2025-10-09 09:10:00+00:00,27.25,27.25,27.25,27.190000534057617,27.190000534057617,2675,RUSHIL,2025-10
2025-10-09 09:15:00+00:00,27.15999984741211,27.15999984741211,27.25,27.15999984741211,27.25,3394,RUSHIL,2025-10
2025-10-09 09:20:00+00:00,27.25,27.25,27.25,27.25,27.25,680,RUSHIL,2025-10
2025-10-09 09:25:00+00:00,27.200000762939453,27.200000762939453,27.200000762939453,27.200000762939453,27.200000762939453,0,RUSHIL,2025-10
2025-10-09 09:30:00+00:00,27.239999771118164,27.239999771118164,27.25,27.200000762939453,27.239999771118164,1486,RUSHIL,2025-10
2025-10-09 09:35:00+00:00,27.18000030517578,27.18000030517578,27.239999771118164,27.18000030517578,27.239999771118164,1841,RUSHIL,2025-10
2025-10-09 09:40:00+00:00,27.34000015258789,27.34000015258789,27.34000015258789,27.15999984741211,27.15999984741211,7605,RUSHIL,2025-10
2025-10-09 09:45:00+00:00,27.299999237060547,27.299999237060547,27.34000015258789,27.299999237060547,27.34000015258789,8621,RUSHIL,2025-10
2025-10-09 09:50:00+00:00,27.440000534057617,27.440000534057617,27.440000534057617,27.299999237060547,27.299999237060547,15872,RUSHIL,2025-10
2025-10-09 09:55:00+00:00,27.309999465942383,27.309999465942383,27.440000534057617,27.299999237060547,27.39999961853028,13701,RUSHIL,2025-10
2025-10-10 03:45:00+00:00,27.270000457763672,27.270000457763672,27.489999771118164,27.26000022888184,27.489999771118164,0,RUSHIL,2025-10
2025-10-10 03:50:00+00:00,27.90999984741211,27.90999984741211,28.13999938964844,27.489999771118164,27.489999771118164,66136,RUSHIL,2025-10
2025-10-10 03:55:00+00:00,27.799999237060547,27.799999237060547,27.93000030517578,27.71999931335449,27.89999961853028,15009,RUSHIL,2025-10
2025-10-10 04:00:00+00:00,27.82999992370605,27.82999992370605,27.88999938964844,27.82999992370605,27.88999938964844,512,RUSHIL,2025-10
2025-10-10 04:05:00+00:00,27.799999237060547,27.799999237060547,27.959999084472656,27.799999237060547,27.8700008392334,12232,RUSHIL,2025-10
2025-10-10 04:10:00+00:00,27.71999931335449,27.71999931335449,27.799999237060547,27.700000762939453,27.799999237060547,9194,RUSHIL,2025-10
2025-10-10 04:15:00+00:00,27.809999465942383,27.809999465942383,27.850000381469727,27.770000457763672,27.799999237060547,8317,RUSHIL,2025-10
2025-10-10 04:20:00+00:00,27.64999961853028,27.64999961853028,27.81999969482422,27.64999961853028,27.809999465942383,32747,RUSHIL,2025-10
2025-10-10 04:25:00+00:00,27.739999771118164,27.739999771118164,27.790000915527344,27.6200008392334,27.64999961853028,0,RUSHIL,2025-10
2025-10-10 04:30:00+00:00,27.739999771118164,27.739999771118164,27.809999465942383,27.71999931335449,27.71999931335449,3028,RUSHIL,2025-10
2025-10-10 04:35:00+00:00,27.75,27.75,27.75,27.729999542236328,27.729999542236328,445,RUSHIL,2025-10
2025-10-10 04:40:00+00:00,27.65999984741211,27.65999984741211,27.729999542236328,27.64999961853028,27.729999542236328,1773,RUSHIL,2025-10
2025-10-10 04:45:00+00:00,27.530000686645508,27.530000686645508,27.65999984741211,27.530000686645508,27.65999984741211,951,RUSHIL,2025-10
2025-10-10 04:50:00+00:00,27.59000015258789,27.59000015258789,27.600000381469727,27.46999931335449,27.56999969482422,4952,RUSHIL,2025-10
2025-10-10 04:55:00+00:00,27.459999084472656,27.459999084472656,27.59000015258789,27.459999084472656,27.59000015258789,8145,RUSHIL,2025-10
2025-10-10 05:00:00+00:00,27.530000686645508,27.530000686645508,27.549999237060547,27.489999771118164,27.5,3419,RUSHIL,2025-10
2025-10-10 05:05:00+00:00,27.5,27.5,27.59000015258789,27.3799991607666,27.59000015258789,6300,RUSHIL,2025-10
2025-10-10 05:10:00+00:00,27.420000076293945,27.420000076293945,27.489999771118164,27.420000076293945,27.489999771118164,0,RUSHIL,2025-10
2025-10-10 05:15:00+00:00,27.43000030517578,27.43000030517578,27.450000762939453,27.40999984741211,27.420000076293945,5701,RUSHIL,2025-10
2025-10-10 05:20:00+00:00,27.39999961853028,27.39999961853028,27.450000762939453,27.39999961853028,27.39999961853028,1055,RUSHIL,2025-10
2025-10-10 05:25:00+00:00,27.420000076293945,27.420000076293945,27.459999084472656,27.31999969482422,27.31999969482422,8556,RUSHIL,2025-10
2025-10-10 05:30:00+00:00,27.36000061035156,27.36000061035156,27.39999961853028,27.32999992370605,27.38999938964844,624,RUSHIL,2025-10
2025-10-10 05:35:00+00:00,27.309999465942383,27.309999465942383,27.36000061035156,27.290000915527344,27.36000061035156,1608,RUSHIL,2025-10
2025-10-10 05:40:00+00:00,27.600000381469727,27.600000381469727,27.600000381469727,27.3799991607666,27.3799991607666,13151,RUSHIL,2025-10
2025-10-10 05:45:00+00:00,27.5,27.5,27.530000686645508,27.43000030517578,27.530000686645508,5578,RUSHIL,2025-10
2025-10-10 05:50:00+00:00,27.479999542236328,27.479999542236328,27.5,27.479999542236328,27.5,516,RUSHIL,2025-10
2025-10-10 05:55:00+00:00,27.5,27.5,27.5,27.479999542236328,27.479999542236328,982,RUSHIL,2025-10
2025-10-10 06:00:00+00:00,27.450000762939453,27.450000762939453,27.5,27.43000030517578,27.479999542236328,4327,RUSHIL,2025-10
2025-10-10 06:05:00+00:00,28.61000061035156,28.61000061035156,28.690000534057617,27.5,27.5,253403,RUSHIL,2025-10
2025-10-10 06:10:00+00:00,28.86000061035156,28.86000061035156,29.200000762939453,28.309999465942383,28.489999771118164,131420,RUSHIL,2025-10
2025-10-10 06:15:00+00:00,28.56999969482422,28.56999969482422,28.86000061035156,28.3799991607666,28.75,59944,RUSHIL,2025-10
2025-10-10 06:20:00+00:00,29.200000762939453,29.200000762939453,29.200000762939453,28.57999992370605,28.57999992370605,86121,RUSHIL,2025-10
2025-10-10 06:25:00+00:00,29.0,29.0,29.39999961853028,28.90999984741211,29.1200008392334,104158,RUSHIL,2025-10
2025-10-10 06:30:00+00:00,29.21999931335449,29.21999931335449,29.3700008392334,29.020000457763672,29.11000061035156,18124,RUSHIL,2025-10
2025-10-10 06:35:00+00:00,28.89999961853028,28.89999961853028,29.270000457763672,28.850000381469727,29.270000457763672,49860,RUSHIL,2025-10
2025-10-10 06:40:00+00:00,28.709999084472656,28.709999084472656,29.13999938964844,28.700000762939453,29.0,50220,RUSHIL,2025-10
2025-10-10 06:45:00+00:00,28.51000022888184,28.51000022888184,28.709999084472656,28.43000030517578,28.709999084472656,25080,RUSHIL,2025-10
2025-10-10 06:50:00+00:00,28.520000457763672,28.520000457763672,28.559999465942383,28.350000381469727,28.51000022888184,13408,RUSHIL,2025-10
2025-10-10 06:55:00+00:00,28.479999542236328,28.479999542236328,28.479999542236328,28.290000915527344,28.299999237060547,12809,RUSHIL,2025-10
2025-10-10 07:00:00+00:00,28.65999984741211,28.65999984741211,28.65999984741211,28.290000915527344,28.290000915527344,13089,RUSHIL,2025-10
2025-10-10 07:05:00+00:00,28.36000061035156,28.36000061035156,28.520000457763672,28.36000061035156,28.5,2339,RUSHIL,2025-10
2025-10-10 07:10:00+00:00,28.46999931335449,28.46999931335449,28.479999542236328,28.36000061035156,28.36000061035156,2874,RUSHIL,2025-10
2025-10-10 07:15:00+00:00,28.46999931335449,28.46999931335449,28.479999542236328,28.36000061035156,28.36000061035156,3116,RUSHIL,2025-10
2025-10-10 07:20:00+00:00,28.479999542236328,28.479999542236328,28.479999542236328,28.32999992370605,28.479999542236328,5116,RUSHIL,2025-10
2025-10-10 07:25:00+00:00,28.39999961853028,28.39999961853028,28.440000534057617,28.31999969482422,28.31999969482422,1951,RUSHIL,2025-10
2025-10-10 07:30:00+00:00,28.39999961853028,28.39999961853028,28.479999542236328,28.39999961853028,28.479999542236328,168,RUSHIL,2025-10
2025-10-10 07:35:00+00:00,28.39999961853028,28.39999961853028,28.40999984741211,28.39999961853028,28.40999984741211,1416,RUSHIL,2025-10
2025-10-10 07:40:00+00:00,28.309999465942383,28.309999465942383,28.309999465942383,28.309999465942383,28.309999465942383,0,RUSHIL,2025-10
2025-10-10 07:45:00+00:00,28.290000915527344,28.290000915527344,28.39999961853028,28.290000915527344,28.309999465942383,13334,RUSHIL,2025-10
2025-10-10 07:50:00+00:00,28.290000915527344,28.290000915527344,28.5,28.290000915527344,28.5,9657,RUSHIL,2025-10
2025-10-10 07:55:00+00:00,28.270000457763672,28.270000457763672,28.290000915527344,28.1200008392334,28.280000686645508,22923,RUSHIL,2025-10
2025-10-10 08:00:00+00:00,28.290000915527344,28.290000915527344,28.290000915527344,28.270000457763672,28.270000457763672,1731,RUSHIL,2025-10
2025-10-10 08:05:00+00:00,28.280000686645508,28.280000686645508,28.290000915527344,28.1299991607666,28.25,1929,RUSHIL,2025-10
2025-10-10 08:10:00+00:00,28.209999084472656,28.209999084472656,28.280000686645508,28.209999084472656,28.280000686645508,1884,RUSHIL,2025-10
2025-10-10 08:15:00+00:00,28.34000015258789,28.34000015258789,28.3799991607666,28.209999084472656,28.209999084472656,2059,RUSHIL,2025-10
2025-10-10 08:20:00+00:00,28.40999984741211,28.40999984741211,28.479999542236328,28.34000015258789,28.350000381469727,8338,RUSHIL,2025-10
2025-10-10 08:25:00+00:00,28.559999465942383,28.559999465942383,28.559999465942383,28.280000686645508,28.280000686645508,5046,RUSHIL,2025-10
2025-10-10 08:30:00+00:00,28.420000076293945,28.420000076293945,28.489999771118164,28.32999992370605,28.32999992370605,1839,RUSHIL,2025-10
2025-10-10 08:35:00+00:00,28.450000762939453,28.450000762939453,28.5,28.299999237060547,28.420000076293945,3686,RUSHIL,2025-10
2025-10-10 08:40:00+00:00,28.5,28.5,28.6299991607666,28.450000762939453,28.450000762939453,13116,RUSHIL,2025-10
2025-10-10 08:45:00+00:00,28.420000076293945,28.420000076293945,28.5,28.420000076293945,28.5,1182,RUSHIL,2025-10
2025-10-10 08:50:00+00:00,28.5,28.5,28.5,28.40999984741211,28.40999984741211,2401,RUSHIL,2025-10
2025-10-10 08:55:00+00:00,28.5,28.5,28.549999237060547,28.5,28.549999237060547,673,RUSHIL,2025-10
2025-10-10 09:00:00+00:00,28.770000457763672,28.770000457763672,28.780000686645508,28.549999237060547,28.549999237060547,2865,RUSHIL,2025-10
2025-10-10 09:05:00+00:00,28.75,28.75,28.84000015258789,28.6299991607666,28.6299991607666,14140,RUSHIL,2025-10
2025-10-10 09:10:00+00:00,28.6299991607666,28.6299991607666,28.71999931335449,28.6299991607666,28.71999931335449,5147,RUSHIL,2025-10
2025-10-10 09:15:00+00:00,28.6299991607666,28.6299991607666,28.729999542236328,28.6299991607666,28.729999542236328,5201,RUSHIL,2025-10
2025-10-10 09:20:00+00:00,28.59000015258789,28.59000015258789,28.64999961853028,28.440000534057617,28.600000381469727,4548,RUSHIL,2025-10
2025-10-10 09:25:00+00:00,28.43000030517578,28.43000030517578,28.59000015258789,28.43000030517578,28.450000762939453,3185,RUSHIL,2025-10
2025-10-10 09:30:00+00:00,28.43000030517578,28.43000030517578,28.600000381469727,28.43000030517578,28.549999237060547,3218,RUSHIL,2025-10
2025-10-10 09:35:00+00:00,28.5,28.5,28.530000686645508,28.3700008392334,28.5,9348,RUSHIL,2025-10
2025-10-10 09:40:00+00:00,28.489999771118164,28.489999771118164,28.68000030517578,28.40999984741211,28.5,14417,RUSHIL,2025-10
2025-10-10 09:45:00+00:00,28.739999771118164,28.739999771118164,28.88999938964844,28.450000762939453,28.450000762939453,34056,RUSHIL,2025-10
2025-10-10 09:50:00+00:00,28.479999542236328,28.479999542236328,28.71999931335449,28.459999084472656,28.71999931335449,20966,RUSHIL,2025-10
2025-10-10 09:55:00+00:00,28.56999969482422,28.56999969482422,28.670000076293945,28.5,28.64999961853028,38644,RUSHIL,2025-10
2025-10-13 03:45:00+00:00,28.170000076293945,28.170000076293945,28.489999771118164,28.049999237060547,28.489999771118164,0,RUSHIL,2025-10
2025-10-13 03:50:00+00:00,28.229999542236328,28.229999542236328,28.25,28.06999969482422,28.06999969482422,12465,RUSHIL,2025-10
2025-10-13 03:55:00+00:00,28.0,28.0,28.18000030517578,28.0,28.18000030517578,28762,RUSHIL,2025-10
2025-10-13 04:00:00+00:00,28.100000381469727,28.100000381469727,28.18000030517578,27.920000076293945,28.06999969482422,25997,RUSHIL,2025-10
2025-10-13 04:05:00+00:00,28.200000762939453,28.200000762939453,28.200000762939453,28.11000061035156,28.1200008392334,3127,RUSHIL,2025-10
2025-10-13 04:10:00+00:00,28.15999984741211,28.15999984741211,28.239999771118164,28.1299991607666,28.1299991607666,1209,RUSHIL,2025-10
2025-10-13 04:15:00+00:00,27.959999084472656,27.959999084472656,28.21999931335449,27.959999084472656,28.21999931335449,45825,RUSHIL,2025-10
2025-10-13 04:20:00+00:00,27.989999771118164,27.989999771118164,28.0,27.93000030517578,28.0,79176,RUSHIL,2025-10
2025-10-13 04:25:00+00:00,28.040000915527344,28.040000915527344,28.040000915527344,28.0,28.0,8700,RUSHIL,2025-10
2025-10-13 04:30:00+00:00,28.07999992370605,28.07999992370605,28.09000015258789,28.01000022888184,28.01000022888184,1215,RUSHIL,2025-10
2025-10-13 04:35:00+00:00,28.01000022888184,28.01000022888184,28.01000022888184,28.0,28.01000022888184,540,RUSHIL,2025-10
2025-10-13 04:40:00+00:00,28.030000686645508,28.030000686645508,28.100000381469727,28.030000686645508,28.06999969482422,6008,RUSHIL,2025-10
2025-10-13 04:45:00+00:00,27.989999771118164,27.989999771118164,28.13999938964844,27.989999771118164,28.13999938964844,2103,RUSHIL,2025-10
2025-10-13 04:50:00+00:00,28.059999465942383,28.059999465942383,28.059999465942383,27.989999771118164,27.989999771118164,6748,RUSHIL,2025-10
2025-10-13 04:55:00+00:00,28.11000061035156,28.11000061035156,28.11000061035156,28.020000457763672,28.020000457763672,179,RUSHIL,2025-10
2025-10-13 05:00:00+00:00,28.209999084472656,28.209999084472656,28.209999084472656,27.96999931335449,28.059999465942383,6472,RUSHIL,2025-10
2025-10-13 05:05:00+00:00,28.15999984741211,28.15999984741211,28.209999084472656,28.059999465942383,28.1299991607666,2716,RUSHIL,2025-10
2025-10-13 05:10:00+00:00,28.13999938964844,28.13999938964844,28.229999542236328,28.13999938964844,28.229999542236328,455,RUSHIL,2025-10
2025-10-13 05:15:00+00:00,28.209999084472656,28.209999084472656,28.209999084472656,28.14999961853028,28.14999961853028,128,RUSHIL,2025-10
2025-10-13 05:20:00+00:00,28.11000061035156,28.11000061035156,28.190000534057617,28.11000061035156,28.13999938964844,824,RUSHIL,2025-10
2025-10-13 05:25:00+00:00,28.1200008392334,28.1200008392334,28.1200008392334,28.1200008392334,28.1200008392334,102,RUSHIL,2025-10
2025-10-13 05:30:00+00:00,28.1299991607666,28.1299991607666,28.18000030517578,28.1200008392334,28.18000030517578,474,RUSHIL,2025-10
2025-10-13 05:35:00+00:00,27.979999542236328,27.979999542236328,28.100000381469727,27.979999542236328,28.059999465942383,3956,RUSHIL,2025-10
2025-10-13 05:40:00+00:00,28.100000381469727,28.100000381469727,28.100000381469727,27.96999931335449,28.09000015258789,1435,RUSHIL,2025-10
2025-10-13 05:45:00+00:00,28.040000915527344,28.040000915527344,28.100000381469727,28.040000915527344,28.09000015258789,384,RUSHIL,2025-10
2025-10-13 05:50:00+00:00,28.040000915527344,28.040000915527344,28.040000915527344,28.040000915527344,28.040000915527344,0,RUSHIL,2025-10
2025-10-13 05:55:00+00:00,28.030000686645508,28.030000686645508,28.030000686645508,28.030000686645508,28.030000686645508,112,RUSHIL,2025-10
2025-10-13 06:00:00+00:00,28.040000915527344,28.040000915527344,28.040000915527344,28.040000915527344,28.040000915527344,0,RUSHIL,2025-10
2025-10-13 06:05:00+00:00,28.040000915527344,28.040000915527344,28.09000015258789,28.040000915527344,28.049999237060547,382,RUSHIL,2025-10
2025-10-13 06:10:00+00:00,28.170000076293945,28.170000076293945,28.18000030517578,28.020000457763672,28.020000457763672,2909,RUSHIL,2025-10
2025-10-13 06:15:00+00:00,28.1200008392334,28.1200008392334,28.1200008392334,28.11000061035156,28.1200008392334,2894,RUSHIL,2025-10
2025-10-13 06:20:00+00:00,28.1200008392334,28.1200008392334,28.1200008392334,28.059999465942383,28.059999465942383,1927,RUSHIL,2025-10
2025-10-13 06:25:00+00:00,28.11000061035156,28.11000061035156,28.170000076293945,28.100000381469727,28.13999938964844,1589,RUSHIL,2025-10
2025-10-13 06:30:00+00:00,28.1200008392334,28.1200008392334,28.1200008392334,28.11000061035156,28.11000061035156,0,RUSHIL,2025-10
2025-10-13 06:35:00+00:00,28.21999931335449,28.21999931335449,28.21999931335449,28.21999931335449,28.21999931335449,52,RUSHIL,2025-10
2025-10-13 06:40:00+00:00,28.170000076293945,28.170000076293945,28.21999931335449,28.170000076293945,28.21999931335449,0,RUSHIL,2025-10
2025-10-13 06:50:00+00:00,28.040000915527344,28.040000915527344,28.1299991607666,28.040000915527344,28.1299991607666,12702,RUSHIL,2025-10
2025-10-13 06:55:00+00:00,28.11000061035156,28.11000061035156,28.11000061035156,28.07999992370605,28.07999992370605,573,RUSHIL,2025-10
2025-10-13 07:00:00+00:00,28.100000381469727,28.100000381469727,28.11000061035156,28.100000381469727,28.11000061035156,600,RUSHIL,2025-10
2025-10-13 07:05:00+00:00,28.11000061035156,28.11000061035156,28.1200008392334,28.07999992370605,28.07999992370605,10,RUSHIL,2025-10
2025-10-13 07:10:00+00:00,28.100000381469727,28.100000381469727,28.1299991607666,28.100000381469727,28.1299991607666,1465,RUSHIL,2025-10
2025-10-13 07:15:00+00:00,28.18000030517578,28.18000030517578,28.190000534057617,28.18000030517578,28.190000534057617,2,RUSHIL,2025-10
2025-10-13 07:20:00+00:00,28.25,28.25,28.25,28.18000030517578,28.18000030517578,2678,RUSHIL,2025-10
2025-10-13 07:25:00+00:00,28.280000686645508,28.280000686645508,28.280000686645508,28.200000762939453,28.200000762939453,2629,RUSHIL,2025-10
2025-10-13 07:30:00+00:00,28.200000762939453,28.200000762939453,28.21999931335449,28.15999984741211,28.200000762939453,321,RUSHIL,2025-10
2025-10-13 07:35:00+00:00,28.200000762939453,28.200000762939453,28.239999771118164,28.190000534057617,28.190000534057617,600,RUSHIL,2025-10
2025-10-13 07:40:00+00:00,28.209999084472656,28.209999084472656,28.209999084472656,28.200000762939453,28.200000762939453,106,RUSHIL,2025-10
2025-10-13 07:45:00+00:00,28.209999084472656,28.209999084472656,28.209999084472656,28.209999084472656,28.209999084472656,1175,RUSHIL,2025-10
2025-10-13 07:50:00+00:00,28.239999771118164,28.239999771118164,28.239999771118164,28.209999084472656,28.209999084472656,5400,RUSHIL,2025-10
2025-10-13 07:55:00+00:00,28.239999771118164,28.239999771118164,28.239999771118164,28.239999771118164,28.239999771118164,0,RUSHIL,2025-10
2025-10-13 08:00:00+00:00,28.25,28.25,28.25,28.209999084472656,28.239999771118164,2906,RUSHIL,2025-10
2025-10-13 08:05:00+00:00,28.229999542236328,28.229999542236328,28.229999542236328,28.229999542236328,28.229999542236328,212,RUSHIL,2025-10
2025-10-13 08:10:00+00:00,28.280000686645508,28.280000686645508,28.280000686645508,28.280000686645508,28.280000686645508,920,RUSHIL,2025-10
2025-10-13 08:15:00+00:00,28.21999931335449,28.21999931335449,28.280000686645508,28.21999931335449,28.21999931335449,3415,RUSHIL,2025-10
2025-10-13 08:25:00+00:00,28.209999084472656,28.209999084472656,28.209999084472656,28.209999084472656,28.209999084472656,2019,RUSHIL,2025-10
2025-10-13 08:30:00+00:00,28.209999084472656,28.209999084472656,28.270000457763672,28.209999084472656,28.270000457763672,4190,RUSHIL,2025-10
2025-10-13 08:35:00+00:00,28.21999931335449,28.21999931335449,28.21999931335449,28.21999931335449,28.21999931335449,0,RUSHIL,2025-10
2025-10-13 08:40:00+00:00,28.209999084472656,28.209999084472656,28.270000457763672,28.209999084472656,28.270000457763672,822,RUSHIL,2025-10
2025-10-13 08:45:00+00:00,28.270000457763672,28.270000457763672,28.270000457763672,28.270000457763672,28.270000457763672,0,RUSHIL,2025-10
2025-10-13 08:50:00+00:00,28.26000022888184,28.26000022888184,28.26000022888184,28.229999542236328,28.229999542236328,139,RUSHIL,2025-10
2025-10-13 08:55:00+00:00,28.239999771118164,28.239999771118164,28.239999771118164,28.13999938964844,28.13999938964844,4816,RUSHIL,2025-10
2025-10-13 09:00:00+00:00,28.190000534057617,28.190000534057617,28.25,28.170000076293945,28.25,3614,RUSHIL,2025-10
2025-10-13 09:05:00+00:00,28.14999961853028,28.14999961853028,28.209999084472656,28.09000015258789,28.209999084472656,4701,RUSHIL,2025-10
2025-10-13 09:10:00+00:00,28.1200008392334,28.1200008392334,28.200000762939453,28.1200008392334,28.200000762939453,902,RUSHIL,2025-10
2025-10-13 09:15:00+00:00,28.07999992370605,28.07999992370605,28.14999961853028,27.950000762939453,28.1200008392334,22572,RUSHIL,2025-10
2025-10-13 09:20:00+00:00,27.940000534057617,27.940000534057617,28.09000015258789,27.940000534057617,28.059999465942383,2013,RUSHIL,2025-10
2025-10-13 09:25:00+00:00,28.040000915527344,28.040000915527344,28.040000915527344,27.950000762939453,27.950000762939453,0,RUSHIL,2025-10
2025-10-13 09:30:00+00:00,27.770000457763672,27.770000457763672,28.059999465942383,27.75,28.030000686645508,41407,RUSHIL,2025-10
2025-10-13 09:35:00+00:00,27.5,27.5,27.770000457763672,27.40999984741211,27.76000022888184,61103,RUSHIL,2025-10
2025-10-13 09:40:00+00:00,27.209999084472656,27.209999084472656,27.5,27.209999084472656,27.5,61136,RUSHIL,2025-10
2025-10-13 09:45:00+00:00,27.46999931335449,27.46999931335449,27.5,27.25,27.290000915527344,45097,RUSHIL,2025-10
2025-10-13 09:50:00+00:00,27.25,27.25,27.5,27.25,27.3700008392334,29546,RUSHIL,2025-10
2025-10-13 09:55:00+00:00,27.489999771118164,27.489999771118164,27.489999771118164,27.25,27.46999931335449,23745,RUSHIL,2025-10
2025-10-14 03:45:00+00:00,27.479999542236328,27.479999542236328,27.5,27.309999465942383,27.5,0,RUSHIL,2025-10
2025-10-14 03:50:00+00:00,27.489999771118164,27.489999771118164,27.489999771118164,27.209999084472656,27.440000534057617,41147,RUSHIL,2025-10
2025-10-14 03:55:00+00:00,27.40999984741211,27.40999984741211,27.489999771118164,27.39999961853028,27.489999771118164,3096,RUSHIL,2025-10
2025-10-14 04:00:00+00:00,27.15999984741211,27.15999984741211,27.489999771118164,27.15999984741211,27.489999771118164,17225,RUSHIL,2025-10
2025-10-14 04:05:00+00:00,27.26000022888184,27.26000022888184,27.309999465942383,27.1200008392334,27.15999984741211,5097,RUSHIL,2025-10
2025-10-14 04:10:00+00:00,27.229999542236328,27.229999542236328,27.34000015258789,27.229999542236328,27.34000015258789,9448,RUSHIL,2025-10
2025-10-14 04:15:00+00:00,27.270000457763672,27.270000457763672,27.270000457763672,27.239999771118164,27.239999771118164,0,RUSHIL,2025-10
2025-10-14 04:20:00+00:00,27.229999542236328,27.229999542236328,27.280000686645508,27.229999542236328,27.25,7592,RUSHIL,2025-10
2025-10-14 04:25:00+00:00,27.280000686645508,27.280000686645508,27.280000686645508,27.229999542236328,27.229999542236328,2263,RUSHIL,2025-10
2025-10-14 04:30:00+00:00,27.31999969482422,27.31999969482422,27.38999938964844,27.309999465942383,27.34000015258789,3556,RUSHIL,2025-10
2025-10-14 04:35:00+00:00,27.280000686645508,27.280000686645508,27.3700008392334,27.270000457763672,27.309999465942383,2802,RUSHIL,2025-10
2025-10-14 04:40:00+00:00,27.36000061035156,27.36000061035156,27.36000061035156,27.36000061035156,27.36000061035156,0,RUSHIL,2025-10
2025-10-14 04:45:00+00:00,27.3799991607666,27.3799991607666,27.3799991607666,27.280000686645508,27.350000381469727,3493,RUSHIL,2025-10
2025-10-14 04:50:00+00:00,27.3799991607666,27.3799991607666,27.3799991607666,27.309999465942383,27.309999465942383,609,RUSHIL,2025-10
2025-10-14 04:55:00+00:00,27.32999992370605,27.32999992370605,27.3799991607666,27.32999992370605,27.3799991607666,1209,RUSHIL,2025-10
2025-10-14 05:00:00+00:00,27.270000457763672,27.270000457763672,27.3799991607666,27.270000457763672,27.3799991607666,2093,RUSHIL,2025-10
2025-10-14 05:05:00+00:00,27.239999771118164,27.239999771118164,27.3799991607666,27.239999771118164,27.270000457763672,2781,RUSHIL,2025-10
2025-10-14 05:10:00+00:00,27.299999237060547,27.299999237060547,27.299999237060547,27.299999237060547,27.299999237060547,0,RUSHIL,2025-10
2025-10-14 05:15:00+00:00,27.0,27.0,27.270000457763672,27.0,27.270000457763672,57411,RUSHIL,2025-10
2025-10-14 05:20:00+00:00,26.920000076293945,26.920000076293945,27.040000915527344,26.89999961853028,27.0,6094,RUSHIL,2025-10
2025-10-14 05:25:00+00:00,26.989999771118164,26.989999771118164,26.989999771118164,26.920000076293945,26.959999084472656,1545,RUSHIL,2025-10
2025-10-14 05:30:00+00:00,27.0,27.0,27.01000022888184,26.920000076293945,26.989999771118164,4455,RUSHIL,2025-10
2025-10-14 05:35:00+00:00,27.01000022888184,27.01000022888184,27.01000022888184,27.0,27.0,1013,RUSHIL,2025-10
2025-10-14 05:40:00+00:00,26.950000762939453,26.950000762939453,27.020000457763672,26.93000030517578,26.989999771118164,1249,RUSHIL,2025-10
2025-10-14 05:45:00+00:00,26.920000076293945,26.920000076293945,26.950000762939453,26.89999961853028,26.950000762939453,5062,RUSHIL,2025-10
2025-10-14 05:50:00+00:00,26.940000534057617,26.940000534057617,26.950000762939453,26.850000381469727,26.950000762939453,2533,RUSHIL,2025-10
2025-10-14 05:55:00+00:00,26.8700008392334,26.8700008392334,26.940000534057617,26.8700008392334,26.940000534057617,2959,RUSHIL,2025-10
2025-10-14 06:00:00+00:00,26.89999961853028,26.89999961853028,26.89999961853028,26.850000381469727,26.8799991607666,1059,RUSHIL,2025-10
2025-10-14 06:05:00+00:00,26.86000061035156,26.86000061035156,26.89999961853028,26.86000061035156,26.89999961853028,1753,RUSHIL,2025-10
2025-10-14 06:10:00+00:00,26.89999961853028,26.89999961853028,26.89999961853028,26.850000381469727,26.89999961853028,1508,RUSHIL,2025-10
2025-10-14 06:15:00+00:00,26.809999465942383,26.809999465942383,26.89999961853028,26.809999465942383,26.89999961853028,7147,RUSHIL,2025-10
2025-10-14 06:20:00+00:00,26.86000061035156,26.86000061035156,26.88999938964844,26.850000381469727,26.850000381469727,269,RUSHIL,2025-10
2025-10-14 06:25:00+00:00,26.75,26.75,26.809999465942383,26.75,26.76000022888184,11457,RUSHIL,2025-10
2025-10-14 06:30:00+00:00,26.89999961853028,26.89999961853028,26.89999961853028,26.790000915527344,26.790000915527344,497,RUSHIL,2025-10
2025-10-14 06:35:00+00:00,26.86000061035156,26.86000061035156,26.89999961853028,26.81999969482422,26.81999969482422,1035,RUSHIL,2025-10
2025-10-14 06:40:00+00:00,26.65999984741211,26.65999984741211,26.8799991607666,26.65999984741211,26.8799991607666,26723,RUSHIL,2025-10
2025-10-14 06:45:00+00:00,26.61000061035156,26.61000061035156,26.690000534057617,26.270000457763672,26.549999237060547,35467,RUSHIL,2025-10
2025-10-14 06:50:00+00:00,26.479999542236328,26.479999542236328,26.690000534057617,26.450000762939453,26.600000381469727,23955,RUSHIL,2025-10
2025-10-14 06:55:00+00:00,26.39999961853028,26.39999961853028,26.549999237060547,26.3700008392334,26.530000686645508,12426,RUSHIL,2025-10
2025-10-14 07:00:00+00:00,26.25,26.25,26.39999961853028,26.25,26.39999961853028,44277,RUSHIL,2025-10
2025-10-14 07:05:00+00:00,26.350000381469727,26.350000381469727,26.350000381469727,26.290000915527344,26.299999237060547,15970,RUSHIL,2025-10
2025-10-14 07:10:00+00:00,26.299999237060547,26.299999237060547,26.350000381469727,26.26000022888184,26.350000381469727,4577,RUSHIL,2025-10
2025-10-14 07:15:00+00:00,26.299999237060547,26.299999237060547,26.34000015258789,26.26000022888184,26.280000686645508,7993,RUSHIL,2025-10
2025-10-14 07:20:00+00:00,26.299999237060547,26.299999237060547,26.299999237060547,26.239999771118164,26.299999237060547,6987,RUSHIL,2025-10
2025-10-14 07:25:00+00:00,26.200000762939453,26.200000762939453,26.299999237060547,26.18000030517578,26.26000022888184,16138,RUSHIL,2025-10
2025-10-14 07:30:00+00:00,26.200000762939453,26.200000762939453,26.229999542236328,26.1299991607666,26.200000762939453,9206,RUSHIL,2025-10
2025-10-14 07:35:00+00:00,26.170000076293945,26.170000076293945,26.239999771118164,26.170000076293945,26.190000534057617,18073,RUSHIL,2025-10
2025-10-14 07:40:00+00:00,26.100000381469727,26.100000381469727,26.200000762939453,26.100000381469727,26.200000762939453,16975,RUSHIL,2025-10
2025-10-14 07:45:00+00:00,26.25,26.25,26.25,26.059999465942383,26.14999961853028,9600,RUSHIL,2025-10
2025-10-14 07:50:00+00:00,26.290000915527344,26.290000915527344,26.290000915527344,26.21999931335449,26.21999931335449,3826,RUSHIL,2025-10
2025-10-14 07:55:00+00:00,26.299999237060547,26.299999237060547,26.34000015258789,26.21999931335449,26.31999969482422,8228,RUSHIL,2025-10
2025-10-14 08:00:00+00:00,26.200000762939453,26.200000762939453,26.299999237060547,26.200000762939453,26.299999237060547,7848,RUSHIL,2025-10
2025-10-14 08:05:00+00:00,26.239999771118164,26.239999771118164,26.239999771118164,26.200000762939453,26.200000762939453,2249,RUSHIL,2025-10
2025-10-14 08:10:00+00:00,26.270000457763672,26.270000457763672,26.270000457763672,26.190000534057617,26.239999771118164,7558,RUSHIL,2025-10
2025-10-14 08:15:00+00:00,26.1299991607666,26.1299991607666,26.26000022888184,26.07999992370605,26.239999771118164,24992,RUSHIL,2025-10
2025-10-14 08:20:00+00:00,26.11000061035156,26.11000061035156,26.13999938964844,26.07999992370605,26.100000381469727,9493,RUSHIL,2025-10
2025-10-14 08:25:00+00:00,26.21999931335449,26.21999931335449,26.21999931335449,26.100000381469727,26.1200008392334,14482,RUSHIL,2025-10
2025-10-14 08:30:00+00:00,26.09000015258789,26.09000015258789,26.21999931335449,26.07999992370605,26.209999084472656,37151,RUSHIL,2025-10
2025-10-14 08:35:00+00:00,26.09000015258789,26.09000015258789,26.1299991607666,26.09000015258789,26.1299991607666,530,RUSHIL,2025-10
2025-10-14 08:40:00+00:00,26.1299991607666,26.1299991607666,26.1299991607666,26.100000381469727,26.100000381469727,6279,RUSHIL,2025-10
2025-10-14 08:45:00+00:00,26.18000030517578,26.18000030517578,26.209999084472656,26.1299991607666,26.1299991607666,0,RUSHIL,2025-10
2025-10-14 08:50:00+00:00,26.09000015258789,26.09000015258789,26.209999084472656,26.09000015258789,26.209999084472656,14367,RUSHIL,2025-10
2025-10-14 08:55:00+00:00,26.100000381469727,26.100000381469727,26.15999984741211,26.07999992370605,26.15999984741211,5607,RUSHIL,2025-10
2025-10-14 09:00:00+00:00,26.100000381469727,26.100000381469727,26.1299991607666,26.059999465942383,26.100000381469727,9382,RUSHIL,2025-10
2025-10-14 09:05:00+00:00,26.100000381469727,26.100000381469727,26.200000762939453,26.0,26.100000381469727,84831,RUSHIL,2025-10
2025-10-14 09:10:00+00:00,26.100000381469727,26.100000381469727,26.14999961853028,26.059999465942383,26.14999961853028,16247,RUSHIL,2025-10
2025-10-14 09:15:00+00:00,26.209999084472656,26.209999084472656,26.209999084472656,26.100000381469727,26.100000381469727,5644,RUSHIL,2025-10
2025-10-14 09:20:00+00:00,26.25,26.25,26.280000686645508,26.190000534057617,26.200000762939453,3000,RUSHIL,2025-10
2025-10-14 09:25:00+00:00,26.38999938964844,26.38999938964844,26.38999938964844,26.15999984741211,26.25,13826,RUSHIL,2025-10
2025-10-14 09:30:00+00:00,26.38999938964844,26.38999938964844,26.38999938964844,26.25,26.3700008392334,16834,RUSHIL,2025-10
2025-10-14 09:35:00+00:00,26.309999465942383,26.309999465942383,26.39999961853028,26.13999938964844,26.39999961853028,26886,RUSHIL,2025-10
2025-10-14 09:40:00+00:00,26.18000030517578,26.18000030517578,26.3700008392334,26.18000030517578,26.31999969482422,12967,RUSHIL,2025-10
2025-10-14 09:45:00+00:00,26.40999984741211,26.40999984741211,26.40999984741211,26.26000022888184,26.290000915527344,25098,RUSHIL,2025-10
2025-10-14 09:50:00+00:00,26.18000030517578,26.18000030517578,26.5,26.13999938964844,26.5,29157,RUSHIL,2025-10
2025-10-14 09:55:00+00:00,26.21999931335449,26.21999931335449,26.350000381469727,26.1200008392334,26.200000762939453,40858,RUSHIL,2025-10
2025-10-15 03:45:00+00:00,26.420000076293945,26.420000076293945,26.61000061035156,26.270000457763672,26.270000457763672,0,RUSHIL,2025-10
2025-10-15 03:50:00+00:00,26.1200008392334,26.1200008392334,26.43000030517578,26.1200008392334,26.420000076293945,49791,RUSHIL,2025-10
2025-10-15 03:55:00+00:00,26.440000534057617,26.440000534057617,26.440000534057617,26.26000022888184,26.26000022888184,10192,RUSHIL,2025-10
2025-10-15 04:00:00+00:00,26.309999465942383,26.309999465942383,26.43000030517578,26.239999771118164,26.43000030517578,5512,RUSHIL,2025-10
2025-10-15 04:05:00+00:00,26.34000015258789,26.34000015258789,26.440000534057617,26.21999931335449,26.309999465942383,19846,RUSHIL,2025-10
2025-10-15 04:10:00+00:00,26.450000762939453,26.450000762939453,26.450000762939453,26.309999465942383,26.34000015258789,7295,RUSHIL,2025-10
2025-10-15 04:15:00+00:00,26.799999237060547,26.799999237060547,27.1200008392334,26.46999931335449,26.46999931335449,125799,RUSHIL,2025-10
2025-10-15 04:20:00+00:00,26.850000381469727,26.850000381469727,26.8700008392334,26.75,26.799999237060547,17984,RUSHIL,2025-10
2025-10-15 04:25:00+00:00,26.920000076293945,26.920000076293945,27.049999237060547,26.850000381469727,26.850000381469727,26691,RUSHIL,2025-10
2025-10-15 04:30:00+00:00,26.979999542236328,26.979999542236328,27.100000381469727,26.920000076293945,26.920000076293945,5940,RUSHIL,2025-10
2025-10-15 04:35:00+00:00,26.89999961853028,26.89999961853028,26.979999542236328,26.86000061035156,26.96999931335449,15587,RUSHIL,2025-10
2025-10-15 04:40:00+00:00,26.88999938964844,26.88999938964844,26.89999961853028,26.88999938964844,26.88999938964844,159,RUSHIL,2025-10
2025-10-15 04:45:00+00:00,26.86000061035156,26.86000061035156,26.920000076293945,26.86000061035156,26.920000076293945,2398,RUSHIL,2025-10
2025-10-15 04:50:00+00:00,26.82999992370605,26.82999992370605,26.940000534057617,26.82999992370605,26.920000076293945,3119,RUSHIL,2025-10
2025-10-15 04:55:00+00:00,26.920000076293945,26.920000076293945,26.989999771118164,26.920000076293945,26.950000762939453,4358,RUSHIL,2025-10
2025-10-15 05:00:00+00:00,26.920000076293945,26.920000076293945,26.920000076293945,26.89999961853028,26.920000076293945,539,RUSHIL,2025-10
2025-10-15 05:05:00+00:00,27.0,27.0,27.0,26.89999961853028,26.920000076293945,12300,RUSHIL,2025-10
2025-10-15 05:10:00+00:00,27.020000457763672,27.020000457763672,27.059999465942383,27.0,27.0,14030,RUSHIL,2025-10
2025-10-15 05:15:00+00:00,27.01000022888184,27.01000022888184,27.09000015258789,27.01000022888184,27.09000015258789,829,RUSHIL,2025-10
2025-10-15 05:20:00+00:00,27.09000015258789,27.09000015258789,27.09000015258789,27.07999992370605,27.09000015258789,1815,RUSHIL,2025-10
2025-10-15 05:25:00+00:00,27.01000022888184,27.01000022888184,27.14999961853028,27.01000022888184,27.100000381469727,21595,RUSHIL,2025-10
2025-10-15 05:30:00+00:00,27.030000686645508,27.030000686645508,27.09000015258789,27.030000686645508,27.09000015258789,131,RUSHIL,2025-10
2025-10-15 05:35:00+00:00,27.06999969482422,27.06999969482422,27.09000015258789,27.030000686645508,27.030000686645508,8066,RUSHIL,2025-10
2025-10-15 05:40:00+00:00,27.290000915527344,27.290000915527344,27.40999984741211,27.0,27.0,50237,RUSHIL,2025-10
2025-10-15 05:45:00+00:00,27.290000915527344,27.290000915527344,27.299999237060547,27.21999931335449,27.21999931335449,5940,RUSHIL,2025-10
2025-10-15 05:50:00+00:00,27.280000686645508,27.280000686645508,27.280000686645508,27.21999931335449,27.21999931335449,219,RUSHIL,2025-10
2025-10-15 05:55:00+00:00,27.3700008392334,27.3700008392334,27.450000762939453,27.290000915527344,27.290000915527344,11858,RUSHIL,2025-10
2025-10-15 06:00:00+00:00,27.229999542236328,27.229999542236328,27.350000381469727,27.190000534057617,27.350000381469727,8273,RUSHIL,2025-10
2025-10-15 06:05:00+00:00,27.190000534057617,27.190000534057617,27.26000022888184,27.1200008392334,27.26000022888184,11057,RUSHIL,2025-10
2025-10-15 06:10:00+00:00,27.309999465942383,27.309999465942383,27.309999465942383,27.209999084472656,27.299999237060547,3531,RUSHIL,2025-10
2025-10-15 06:15:00+00:00,27.239999771118164,27.239999771118164,27.239999771118164,27.239999771118164,27.239999771118164,0,RUSHIL,2025-10
2025-10-15 06:20:00+00:00,27.25,27.25,27.290000915527344,27.15999984741211,27.15999984741211,3277,RUSHIL,2025-10
2025-10-15 06:25:00+00:00,27.200000762939453,27.200000762939453,27.200000762939453,27.18000030517578,27.18000030517578,676,RUSHIL,2025-10
2025-10-15 06:30:00+00:00,27.200000762939453,27.200000762939453,27.200000762939453,27.200000762939453,27.200000762939453,28,RUSHIL,2025-10
2025-10-15 06:35:00+00:00,27.200000762939453,27.200000762939453,27.200000762939453,27.15999984741211,27.15999984741211,440,RUSHIL,2025-10
2025-10-15 06:40:00+00:00,27.200000762939453,27.200000762939453,27.25,27.200000762939453,27.200000762939453,2516,RUSHIL,2025-10
2025-10-15 06:45:00+00:00,27.21999931335449,27.21999931335449,27.229999542236328,27.1200008392334,27.170000076293945,1436,RUSHIL,2025-10
2025-10-15 06:50:00+00:00,27.200000762939453,27.200000762939453,27.200000762939453,27.1299991607666,27.1299991607666,564,RUSHIL,2025-10
2025-10-15 06:55:00+00:00,27.13999938964844,27.13999938964844,27.14999961853028,27.059999465942383,27.14999961853028,3765,RUSHIL,2025-10
2025-10-15 07:00:00+00:00,27.06999969482422,27.06999969482422,27.13999938964844,27.06999969482422,27.13999938964844,672,RUSHIL,2025-10
2025-10-15 07:05:00+00:00,27.059999465942383,27.059999465942383,27.1299991607666,27.049999237060547,27.06999969482422,320,RUSHIL,2025-10
2025-10-15 07:10:00+00:00,27.1299991607666,27.1299991607666,27.1299991607666,27.1299991607666,27.1299991607666,137,RUSHIL,2025-10
2025-10-15 07:15:00+00:00,27.1299991607666,27.1299991607666,27.1299991607666,27.06999969482422,27.100000381469727,0,RUSHIL,2025-10
2025-10-15 07:20:00+00:00,27.1299991607666,27.1299991607666,27.1299991607666,27.1299991607666,27.1299991607666,4,RUSHIL,2025-10
2025-10-15 07:25:00+00:00,26.799999237060547,26.799999237060547,27.13999938964844,26.68000030517578,27.13999938964844,46511,RUSHIL,2025-10
2025-10-15 07:30:00+00:00,26.729999542236328,26.729999542236328,26.790000915527344,26.709999084472656,26.729999542236328,3096,RUSHIL,2025-10
2025-10-15 07:35:00+00:00,26.799999237060547,26.799999237060547,26.799999237060547,26.790000915527344,26.799999237060547,1923,RUSHIL,2025-10
2025-10-15 07:40:00+00:00,26.799999237060547,26.799999237060547,26.799999237060547,26.770000457763672,26.770000457763672,255,RUSHIL,2025-10
2025-10-15 07:45:00+00:00,26.76000022888184,26.76000022888184,26.76000022888184,26.75,26.76000022888184,776,RUSHIL,2025-10
2025-10-15 07:50:00+00:00,26.799999237060547,26.799999237060547,26.799999237060547,26.799999237060547,26.799999237060547,1181,RUSHIL,2025-10
2025-10-15 07:55:00+00:00,26.76000022888184,26.76000022888184,26.86000061035156,26.700000762939453,26.799999237060547,51030,RUSHIL,2025-10
2025-10-15 08:00:00+00:00,26.600000381469727,26.600000381469727,26.700000762939453,26.530000686645508,26.700000762939453,1498,RUSHIL,2025-10
2025-10-15 08:05:00+00:00,26.700000762939453,26.700000762939453,26.700000762939453,26.600000381469727,26.64999961853028,2404,RUSHIL,2025-10
2025-10-15 08:10:00+00:00,26.520000457763672,26.520000457763672,26.729999542236328,26.520000457763672,26.700000762939453,2094,RUSHIL,2025-10
2025-10-15 08:15:00+00:00,26.63999938964844,26.63999938964844,26.63999938964844,26.63999938964844,26.63999938964844,1017,RUSHIL,2025-10
2025-10-15 08:20:00+00:00,26.700000762939453,26.700000762939453,26.700000762939453,26.65999984741211,26.700000762939453,2965,RUSHIL,2025-10
2025-10-15 08:25:00+00:00,26.739999771118164,26.739999771118164,26.739999771118164,26.63999938964844,26.65999984741211,11397,RUSHIL,2025-10
2025-10-15 08:30:00+00:00,26.75,26.75,26.799999237060547,26.75,26.780000686645508,12962,RUSHIL,2025-10
2025-10-15 08:35:00+00:00,26.84000015258789,26.84000015258789,26.84000015258789,26.76000022888184,26.770000457763672,1945,RUSHIL,2025-10
2025-10-15 08:40:00+00:00,26.76000022888184,26.76000022888184,26.81999969482422,26.75,26.75,1599,RUSHIL,2025-10
2025-10-15 08:45:00+00:00,26.75,26.75,26.770000457763672,26.75,26.770000457763672,899,RUSHIL,2025-10
2025-10-15 08:50:00+00:00,26.71999931335449,26.71999931335449,26.76000022888184,26.709999084472656,26.76000022888184,4106,RUSHIL,2025-10
2025-10-15 08:55:00+00:00,26.709999084472656,26.709999084472656,26.709999084472656,26.709999084472656,26.709999084472656,448,RUSHIL,2025-10
2025-10-15 09:00:00+00:00,26.700000762939453,26.700000762939453,26.790000915527344,26.530000686645508,26.76000022888184,6035,RUSHIL,2025-10
2025-10-15 09:05:00+00:00,26.770000457763672,26.770000457763672,26.770000457763672,26.770000457763672,26.770000457763672,2,RUSHIL,2025-10
2025-10-15 09:10:00+00:00,26.729999542236328,26.729999542236328,26.799999237060547,26.729999542236328,26.76000022888184,920,RUSHIL,2025-10
2025-10-15 09:15:00+00:00,26.809999465942383,26.809999465942383,26.809999465942383,26.739999771118164,26.770000457763672,1530,RUSHIL,2025-10
2025-10-15 09:20:00+00:00,26.690000534057617,26.690000534057617,26.82999992370605,26.690000534057617,26.809999465942383,5444,RUSHIL,2025-10
2025-10-15 09:25:00+00:00,26.6200008392334,26.6200008392334,26.780000686645508,26.6200008392334,26.75,4935,RUSHIL,2025-10
2025-10-15 09:30:00+00:00,26.700000762939453,26.700000762939453,26.739999771118164,26.65999984741211,26.65999984741211,3618,RUSHIL,2025-10
2025-10-15 09:35:00+00:00,26.809999465942383,26.809999465942383,26.81999969482422,26.709999084472656,26.709999084472656,13020,RUSHIL,2025-10
2025-10-15 09:40:00+00:00,26.8700008392334,26.8700008392334,26.89999961853028,26.809999465942383,26.82999992370605,10859,RUSHIL,2025-10
2025-10-15 09:45:00+00:00,26.920000076293945,26.920000076293945,26.950000762939453,26.700000762939453,26.8700008392334,9882,RUSHIL,2025-10
2025-10-15 09:50:00+00:00,26.76000022888184,26.76000022888184,26.93000030517578,26.6299991607666,26.790000915527344,11730,RUSHIL,2025-10
2025-10-15 09:55:00+00:00,26.81999969482422,26.81999969482422,27.200000762939453,26.63999938964844,26.739999771118164,11183,RUSHIL,2025-10
2025-10-16 03:45:00+00:00,27.059999465942383,27.059999465942383,27.18000030517578,26.96999931335449,27.0,0,RUSHIL,2025-10
2025-10-16 03:50:00+00:00,27.1200008392334,27.1200008392334,27.1200008392334,27.07999992370605,27.09000015258789,2145,RUSHIL,2025-10
2025-10-16 03:55:00+00:00,27.18000030517578,27.18000030517578,27.18000030517578,27.100000381469727,27.11000061035156,3806,RUSHIL,2025-10
2025-10-16 04:00:00+00:00,27.11000061035156,27.11000061035156,27.200000762939453,27.11000061035156,27.200000762939453,5139,RUSHIL,2025-10
2025-10-16 04:05:00+00:00,27.059999465942383,27.059999465942383,27.14999961853028,27.059999465942383,27.14999961853028,4112,RUSHIL,2025-10
2025-10-16 04:10:00+00:00,26.88999938964844,26.88999938964844,27.049999237060547,26.700000762939453,27.040000915527344,42429,RUSHIL,2025-10
2025-10-16 04:15:00+00:00,26.64999961853028,26.64999961853028,26.88999938964844,26.46999931335449,26.88999938964844,44680,RUSHIL,2025-10
2025-10-16 04:20:00+00:00,26.65999984741211,26.65999984741211,26.709999084472656,26.6299991607666,26.670000076293945,3254,RUSHIL,2025-10
2025-10-16 04:25:00+00:00,26.280000686645508,26.280000686645508,26.63999938964844,26.280000686645508,26.63999938964844,129920,RUSHIL,2025-10
2025-10-16 04:30:00+00:00,26.299999237060547,26.299999237060547,26.299999237060547,26.25,26.299999237060547,37473,RUSHIL,2025-10
2025-10-16 04:35:00+00:00,26.200000762939453,26.200000762939453,26.290000915527344,26.15999984741211,26.290000915527344,14331,RUSHIL,2025-10
2025-10-16 04:40:00+00:00,26.170000076293945,26.170000076293945,26.229999542236328,26.100000381469727,26.229999542236328,31189,RUSHIL,2025-10
2025-10-16 04:45:00+00:00,26.06999969482422,26.06999969482422,26.170000076293945,26.0,26.170000076293945,57034,RUSHIL,2025-10
2025-10-16 04:50:00+00:00,26.09000015258789,26.09000015258789,26.100000381469727,26.09000015258789,26.09000015258789,3358,RUSHIL,2025-10
2025-10-16 04:55:00+00:00,25.739999771118164,25.739999771118164,26.0,25.57999992370605,26.0,143087,RUSHIL,2025-10
2025-10-16 05:00:00+00:00,25.89999961853028,25.89999961853028,25.940000534057617,25.600000381469727,25.739999771118164,66535,RUSHIL,2025-10
2025-10-16 05:05:00+00:00,25.89999961853028,25.89999961853028,25.950000762939453,25.75,25.940000534057617,77612,RUSHIL,2025-10
2025-10-16 05:10:00+00:00,25.940000534057617,25.940000534057617,25.940000534057617,25.86000061035156,25.89999961853028,9582,RUSHIL,2025-10
2025-10-16 05:15:00+00:00,25.809999465942383,25.809999465942383,25.989999771118164,25.809999465942383,25.809999465942383,23522,RUSHIL,2025-10
2025-10-16 05:20:00+00:00,25.89999961853028,25.89999961853028,25.989999771118164,25.8700008392334,25.93000030517578,10175,RUSHIL,2025-10
2025-10-16 05:25:00+00:00,26.049999237060547,26.049999237060547,26.049999237060547,25.96999931335449,25.989999771118164,16,RUSHIL,2025-10
2025-10-16 05:30:00+00:00,26.01000022888184,26.01000022888184,26.100000381469727,26.01000022888184,26.049999237060547,6139,RUSHIL,2025-10
2025-10-16 05:35:00+00:00,26.06999969482422,26.06999969482422,26.09000015258789,26.01000022888184,26.01000022888184,8914,RUSHIL,2025-10
2025-10-16 05:40:00+00:00,26.11000061035156,26.11000061035156,26.13999938964844,26.06999969482422,26.06999969482422,10664,RUSHIL,2025-10
2025-10-16 05:45:00+00:00,26.13999938964844,26.13999938964844,26.14999961853028,26.100000381469727,26.11000061035156,358,RUSHIL,2025-10
2025-10-16 05:50:00+00:00,26.26000022888184,26.26000022888184,26.280000686645508,26.100000381469727,26.13999938964844,14935,RUSHIL,2025-10
2025-10-16 05:55:00+00:00,26.280000686645508,26.280000686645508,26.290000915527344,26.200000762939453,26.239999771118164,4093,RUSHIL,2025-10
2025-10-16 06:00:00+00:00,26.25,26.25,26.290000915527344,26.25,26.25,7091,RUSHIL,2025-10
2025-10-16 06:05:00+00:00,26.190000534057617,26.190000534057617,26.26000022888184,26.190000534057617,26.25,6897,RUSHIL,2025-10
2025-10-16 06:10:00+00:00,26.1200008392334,26.1200008392334,26.239999771118164,26.1200008392334,26.239999771118164,1518,RUSHIL,2025-10
2025-10-16 06:15:00+00:00,26.15999984741211,26.15999984741211,26.239999771118164,26.15999984741211,26.170000076293945,1704,RUSHIL,2025-10
2025-10-16 06:20:00+00:00,26.21999931335449,26.21999931335449,26.21999931335449,26.15999984741211,26.209999084472656,730,RUSHIL,2025-10
2025-10-16 06:25:00+00:00,26.190000534057617,26.190000534057617,26.209999084472656,26.100000381469727,26.209999084472656,12263,RUSHIL,2025-10
2025-10-16 06:30:00+00:00,26.299999237060547,26.299999237060547,26.299999237060547,26.21999931335449,26.26000022888184,3835,RUSHIL,2025-10
2025-10-16 06:35:00+00:00,26.280000686645508,26.280000686645508,26.290000915527344,26.200000762939453,26.290000915527344,734,RUSHIL,2025-10
2025-10-16 06:40:00+00:00,26.190000534057617,26.190000534057617,26.290000915527344,26.190000534057617,26.21999931335449,7883,RUSHIL,2025-10
2025-10-16 06:45:00+00:00,26.270000457763672,26.270000457763672,26.270000457763672,26.270000457763672,26.270000457763672,0,RUSHIL,2025-10
2025-10-16 06:50:00+00:00,26.14999961853028,26.14999961853028,26.280000686645508,26.11000061035156,26.190000534057617,7007,RUSHIL,2025-10
2025-10-16 06:55:00+00:00,26.190000534057617,26.190000534057617,26.190000534057617,26.14999961853028,26.14999961853028,3510,RUSHIL,2025-10
2025-10-16 07:00:00+00:00,26.309999465942383,26.309999465942383,26.350000381469727,26.239999771118164,26.239999771118164,7024,RUSHIL,2025-10
2025-10-16 07:05:00+00:00,26.31999969482422,26.31999969482422,26.31999969482422,26.239999771118164,26.239999771118164,540,RUSHIL,2025-10
2025-10-16 07:10:00+00:00,26.270000457763672,26.270000457763672,26.34000015258789,26.26000022888184,26.26000022888184,716,RUSHIL,2025-10
2025-10-16 07:15:00+00:00,26.31999969482422,26.31999969482422,26.32999992370605,26.299999237060547,26.32999992370605,188,RUSHIL,2025-10
2025-10-16 07:20:00+00:00,26.25,26.25,26.31999969482422,26.25,26.31999969482422,2007,RUSHIL,2025-10
2025-10-16 07:25:00+00:00,26.309999465942383,26.309999465942383,26.309999465942383,26.309999465942383,26.309999465942383,493,RUSHIL,2025-10
2025-10-16 07:30:00+00:00,26.13999938964844,26.13999938964844,26.299999237060547,26.13999938964844,26.299999237060547,6053,RUSHIL,2025-10
2025-10-16 07:35:00+00:00,26.229999542236328,26.229999542236328,26.229999542236328,26.229999542236328,26.229999542236328,0,RUSHIL,2025-10
2025-10-16 07:40:00+00:00,26.239999771118164,26.239999771118164,26.239999771118164,26.200000762939453,26.200000762939453,2794,RUSHIL,2025-10
2025-10-16 07:45:00+00:00,26.200000762939453,26.200000762939453,26.25,26.200000762939453,26.25,3352,RUSHIL,2025-10
2025-10-16 07:50:00+00:00,26.15999984741211,26.15999984741211,26.229999542236328,26.15999984741211,26.229999542236328,847,RUSHIL,2025-10
2025-10-16 07:55:00+00:00,26.15999984741211,26.15999984741211,26.15999984741211,26.15999984741211,26.15999984741211,0,RUSHIL,2025-10
2025-10-16 08:00:00+00:00,26.200000762939453,26.200000762939453,26.200000762939453,26.200000762939453,26.200000762939453,0,RUSHIL,2025-10
2025-10-16 08:05:00+00:00,26.21999931335449,26.21999931335449,26.21999931335449,26.190000534057617,26.21999931335449,749,RUSHIL,2025-10
2025-10-16 08:10:00+00:00,26.229999542236328,26.229999542236328,26.229999542236328,26.190000534057617,26.21999931335449,1352,RUSHIL,2025-10
2025-10-16 08:15:00+00:00,26.25,26.25,26.25,26.25,26.25,2334,RUSHIL,2025-10
2025-10-16 08:20:00+00:00,26.25,26.25,26.270000457763672,26.200000762939453,26.25,3708,RUSHIL,2025-10
2025-10-16 08:25:00+00:00,26.239999771118164,26.239999771118164,26.25,26.200000762939453,26.25,128,RUSHIL,2025-10
2025-10-16 08:30:00+00:00,26.229999542236328,26.229999542236328,26.229999542236328,26.200000762939453,26.229999542236328,100,RUSHIL,2025-10
2025-10-16 08:35:00+00:00,26.25,26.25,26.25,26.21999931335449,26.229999542236328,3862,RUSHIL,2025-10
2025-10-16 08:40:00+00:00,26.26000022888184,26.26000022888184,26.280000686645508,26.25,26.25,151,RUSHIL,2025-10
2025-10-16 08:45:00+00:00,26.190000534057617,26.190000534057617,26.280000686645508,26.190000534057617,26.280000686645508,2597,RUSHIL,2025-10
2025-10-16 08:50:00+00:00,26.25,26.25,26.270000457763672,26.190000534057617,26.270000457763672,4528,RUSHIL,2025-10
2025-10-16 08:55:00+00:00,26.25,26.25,26.350000381469727,26.190000534057617,26.25,13705,RUSHIL,2025-10
2025-10-16 09:00:00+00:00,26.32999992370605,26.32999992370605,26.32999992370605,26.190000534057617,26.25,7651,RUSHIL,2025-10
2025-10-16 09:05:00+00:00,26.26000022888184,26.26000022888184,26.34000015258789,26.26000022888184,26.34000015258789,1125,RUSHIL,2025-10
2025-10-16 09:10:00+00:00,26.26000022888184,26.26000022888184,26.299999237060547,26.26000022888184,26.26000022888184,3954,RUSHIL,2025-10
2025-10-16 09:15:00+00:00,26.299999237060547,26.299999237060547,26.299999237060547,26.200000762939453,26.26000022888184,15729,RUSHIL,2025-10
2025-10-16 09:20:00+00:00,26.309999465942383,26.309999465942383,26.350000381469727,26.270000457763672,26.350000381469727,4569,RUSHIL,2025-10
2025-10-16 09:25:00+00:00,26.309999465942383,26.309999465942383,26.309999465942383,26.280000686645508,26.309999465942383,1186,RUSHIL,2025-10
2025-10-16 09:30:00+00:00,26.239999771118164,26.239999771118164,26.34000015258789,26.21999931335449,26.309999465942383,2232,RUSHIL,2025-10
2025-10-16 09:35:00+00:00,26.26000022888184,26.26000022888184,26.290000915527344,26.190000534057617,26.25,7764,RUSHIL,2025-10
2025-10-16 09:40:00+00:00,26.239999771118164,26.239999771118164,26.26000022888184,26.239999771118164,26.239999771118164,10815,RUSHIL,2025-10
2025-10-16 09:45:00+00:00,26.059999465942383,26.059999465942383,26.299999237060547,26.059999465942383,26.239999771118164,60869,RUSHIL,2025-10
2025-10-16 09:50:00+00:00,26.1200008392334,26.1200008392334,26.239999771118164,26.0,26.1299991607666,18645,RUSHIL,2025-10
2025-10-16 09:55:00+00:00,26.170000076293945,26.170000076293945,26.170000076293945,26.049999237060547,26.049999237060547,69915,RUSHIL,2025-10
2025-10-17 03:45:00+00:00,26.309999465942383,26.309999465942383,26.489999771118164,26.170000076293945,26.170000076293945,0,RUSHIL,2025-10
2025-10-17 03:50:00+00:00,26.420000076293945,26.420000076293945,26.520000457763672,26.209999084472656,26.299999237060547,22035,RUSHIL,2025-10
2025-10-17 03:55:00+00:00,26.56999969482422,26.56999969482422,26.729999542236328,26.420000076293945,26.420000076293945,10565,RUSHIL,2025-10
2025-10-17 04:00:00+00:00,26.64999961853028,26.64999961853028,26.76000022888184,26.46999931335449,26.6200008392334,43783,RUSHIL,2025-10
2025-10-17 04:05:00+00:00,26.71999931335449,26.71999931335449,26.71999931335449,26.600000381469727,26.6200008392334,2405,RUSHIL,2025-10
2025-10-17 04:10:00+00:00,26.459999084472656,26.459999084472656,26.700000762939453,26.3700008392334,26.68000030517578,38633,RUSHIL,2025-10
2025-10-17 04:15:00+00:00,26.350000381469727,26.350000381469727,26.440000534057617,26.26000022888184,26.39999961853028,7395,RUSHIL,2025-10
2025-10-17 04:20:00+00:00,26.32999992370605,26.32999992370605,26.350000381469727,26.25,26.26000022888184,6562,RUSHIL,2025-10
2025-10-17 04:25:00+00:00,26.489999771118164,26.489999771118164,26.56999969482422,26.299999237060547,26.299999237060547,3962,RUSHIL,2025-10
2025-10-17 04:30:00+00:00,26.440000534057617,26.440000534057617,26.450000762939453,26.31999969482422,26.450000762939453,1602,RUSHIL,2025-10
2025-10-17 04:35:00+00:00,26.3700008392334,26.3700008392334,26.3700008392334,26.290000915527344,26.309999465942383,8064,RUSHIL,2025-10
2025-10-17 04:40:00+00:00,26.420000076293945,26.420000076293945,26.420000076293945,26.270000457763672,26.270000457763672,2476,RUSHIL,2025-10
2025-10-17 04:45:00+00:00,26.34000015258789,26.34000015258789,26.38999938964844,26.32999992370605,26.38999938964844,519,RUSHIL,2025-10
2025-10-17 04:50:00+00:00,26.39999961853028,26.39999961853028,26.39999961853028,26.32999992370605,26.32999992370605,23690,RUSHIL,2025-10
2025-10-17 04:55:00+00:00,26.38999938964844,26.38999938964844,26.38999938964844,26.270000457763672,26.270000457763672,0,RUSHIL,2025-10
2025-10-17 05:00:00+00:00,26.26000022888184,26.26000022888184,26.280000686645508,26.26000022888184,26.280000686645508,1796,RUSHIL,2025-10
2025-10-17 05:05:00+00:00,26.31999969482422,26.31999969482422,26.31999969482422,26.31999969482422,26.31999969482422,132,RUSHIL,2025-10
2025-10-17 05:10:00+00:00,26.31999969482422,26.31999969482422,26.39999961853028,26.31999969482422,26.3799991607666,3602,RUSHIL,2025-10
2025-10-17 05:15:00+00:00,26.39999961853028,26.39999961853028,26.40999984741211,26.39999961853028,26.40999984741211,903,RUSHIL,2025-10
2025-10-17 05:20:00+00:00,26.479999542236328,26.479999542236328,26.479999542236328,26.350000381469727,26.350000381469727,2980,RUSHIL,2025-10
2025-10-17 05:25:00+00:00,26.39999961853028,26.39999961853028,26.489999771118164,26.38999938964844,26.489999771118164,865,RUSHIL,2025-10
2025-10-17 05:30:00+00:00,26.440000534057617,26.440000534057617,26.440000534057617,26.440000534057617,26.440000534057617,7,RUSHIL,2025-10
2025-10-17 05:35:00+00:00,26.309999465942383,26.309999465942383,26.309999465942383,26.309999465942383,26.309999465942383,2957,RUSHIL,2025-10
2025-10-17 05:40:00+00:00,26.38999938964844,26.38999938964844,26.38999938964844,26.32999992370605,26.32999992370605,194,RUSHIL,2025-10
2025-10-17 05:45:00+00:00,26.3799991607666,26.3799991607666,26.3799991607666,26.299999237060547,26.3799991607666,1588,RUSHIL,2025-10
2025-10-17 05:50:00+00:00,26.350000381469727,26.350000381469727,26.350000381469727,26.350000381469727,26.350000381469727,42,RUSHIL,2025-10
2025-10-17 05:55:00+00:00,26.299999237060547,26.299999237060547,26.299999237060547,26.299999237060547,26.299999237060547,7071,RUSHIL,2025-10
2025-10-17 06:00:00+00:00,26.270000457763672,26.270000457763672,26.32999992370605,26.239999771118164,26.32999992370605,4069,RUSHIL,2025-10
2025-10-17 06:05:00+00:00,26.26000022888184,26.26000022888184,26.34000015258789,26.26000022888184,26.290000915527344,3102,RUSHIL,2025-10
2025-10-17 06:10:00+00:00,26.15999984741211,26.15999984741211,26.200000762939453,26.100000381469727,26.1299991607666,3920,RUSHIL,2025-10
2025-10-17 06:15:00+00:00,26.200000762939453,26.200000762939453,26.200000762939453,26.190000534057617,26.190000534057617,360,RUSHIL,2025-10
2025-10-17 06:20:00+00:00,26.170000076293945,26.170000076293945,26.200000762939453,26.170000076293945,26.200000762939453,0,RUSHIL,2025-10
2025-10-17 06:25:00+00:00,26.14999961853028,26.14999961853028,26.170000076293945,26.14999961853028,26.170000076293945,3517,RUSHIL,2025-10
2025-10-17 06:30:00+00:00,26.26000022888184,26.26000022888184,26.26000022888184,26.14999961853028,26.229999542236328,879,RUSHIL,2025-10
2025-10-17 06:35:00+00:00,26.299999237060547,26.299999237060547,26.299999237060547,26.239999771118164,26.299999237060547,5145,RUSHIL,2025-10
2025-10-17 06:40:00+00:00,26.290000915527344,26.290000915527344,26.290000915527344,26.21999931335449,26.280000686645508,1201,RUSHIL,2025-10
2025-10-17 06:45:00+00:00,26.25,26.25,26.25,26.25,26.25,0,RUSHIL,2025-10
2025-10-17 06:50:00+00:00,26.309999465942383,26.309999465942383,26.309999465942383,26.309999465942383,26.309999465942383,560,RUSHIL,2025-10
2025-10-17 06:55:00+00:00,26.299999237060547,26.299999237060547,26.350000381469727,26.299999237060547,26.350000381469727,28931,RUSHIL,2025-10
2025-10-17 07:00:00+00:00,26.239999771118164,26.239999771118164,26.26000022888184,26.190000534057617,26.239999771118164,10200,RUSHIL,2025-10
2025-10-17 07:05:00+00:00,26.280000686645508,26.280000686645508,26.280000686645508,26.270000457763672,26.270000457763672,520,RUSHIL,2025-10
2025-10-17 07:10:00+00:00,26.190000534057617,26.190000534057617,26.239999771118164,26.190000534057617,26.239999771118164,1040,RUSHIL,2025-10
2025-10-17 07:15:00+00:00,26.200000762939453,26.200000762939453,26.209999084472656,26.18000030517578,26.200000762939453,10434,RUSHIL,2025-10
2025-10-17 07:20:00+00:00,26.200000762939453,26.200000762939453,26.209999084472656,26.13999938964844,26.18000030517578,5787,RUSHIL,2025-10
2025-10-17 07:25:00+00:00,26.25,26.25,26.25,26.200000762939453,26.200000762939453,1368,RUSHIL,2025-10
2025-10-17 07:30:00+00:00,26.38999938964844,26.38999938964844,26.43000030517578,26.239999771118164,26.239999771118164,10976,RUSHIL,2025-10
2025-10-17 07:35:00+00:00,26.26000022888184,26.26000022888184,26.34000015258789,26.26000022888184,26.26000022888184,1451,RUSHIL,2025-10
2025-10-17 07:40:00+00:00,26.26000022888184,26.26000022888184,26.299999237060547,26.26000022888184,26.299999237060547,0,RUSHIL,2025-10
2025-10-17 07:45:00+00:00,26.14999961853028,26.14999961853028,26.170000076293945,26.14999961853028,26.15999984741211,6044,RUSHIL,2025-10
2025-10-17 07:50:00+00:00,26.229999542236328,26.229999542236328,26.229999542236328,26.229999542236328,26.229999542236328,24,RUSHIL,2025-10
2025-10-17 07:55:00+00:00,26.200000762939453,26.200000762939453,26.229999542236328,26.14999961853028,26.14999961853028,5411,RUSHIL,2025-10
2025-10-17 08:00:00+00:00,26.170000076293945,26.170000076293945,26.239999771118164,26.170000076293945,26.170000076293945,11464,RUSHIL,2025-10
2025-10-17 08:05:00+00:00,26.1200008392334,26.1200008392334,26.170000076293945,26.059999465942383,26.13999938964844,3762,RUSHIL,2025-10
2025-10-17 08:10:00+00:00,26.170000076293945,26.170000076293945,26.200000762939453,26.1200008392334,26.1200008392334,2811,RUSHIL,2025-10
2025-10-17 08:15:00+00:00,26.1299991607666,26.1299991607666,26.170000076293945,26.1299991607666,26.1299991607666,947,RUSHIL,2025-10
2025-10-17 08:20:00+00:00,26.100000381469727,26.100000381469727,26.13999938964844,26.059999465942383,26.059999465942383,2383,RUSHIL,2025-10
2025-10-17 08:25:00+00:00,26.100000381469727,26.100000381469727,26.14999961853028,26.059999465942383,26.14999961853028,167,RUSHIL,2025-10
2025-10-17 08:30:00+00:00,26.06999969482422,26.06999969482422,26.15999984741211,26.06999969482422,26.100000381469727,349,RUSHIL,2025-10
2025-10-17 08:35:00+00:00,26.190000534057617,26.190000534057617,26.190000534057617,26.14999961853028,26.14999961853028,1529,RUSHIL,2025-10
2025-10-17 08:40:00+00:00,26.200000762939453,26.200000762939453,26.200000762939453,26.11000061035156,26.11000061035156,5301,RUSHIL,2025-10
2025-10-17 08:45:00+00:00,26.190000534057617,26.190000534057617,26.200000762939453,26.14999961853028,26.200000762939453,400,RUSHIL,2025-10
2025-10-17 08:50:00+00:00,26.200000762939453,26.200000762939453,26.200000762939453,26.200000762939453,26.200000762939453,0,RUSHIL,2025-10
2025-10-17 08:55:00+00:00,26.200000762939453,26.200000762939453,26.25,26.200000762939453,26.25,564,RUSHIL,2025-10
2025-10-17 09:00:00+00:00,26.209999084472656,26.209999084472656,26.209999084472656,26.209999084472656,26.209999084472656,164,RUSHIL,2025-10
2025-10-17 09:05:00+00:00,26.25,26.25,26.25,26.209999084472656,26.209999084472656,206,RUSHIL,2025-10
2025-10-17 09:10:00+00:00,26.239999771118164,26.239999771118164,26.25,26.11000061035156,26.25,4521,RUSHIL,2025-10
2025-10-17 09:15:00+00:00,26.239999771118164,26.239999771118164,26.239999771118164,26.200000762939453,26.200000762939453,570,RUSHIL,2025-10
2025-10-17 09:20:00+00:00,26.200000762939453,26.200000762939453,26.25,26.200000762939453,26.25,2239,RUSHIL,2025-10
2025-10-17 09:25:00+00:00,26.200000762939453,26.200000762939453,26.25,26.200000762939453,26.200000762939453,1621,RUSHIL,2025-10
2025-10-17 09:30:00+00:00,26.1299991607666,26.1299991607666,26.239999771118164,26.1299991607666,26.239999771118164,10224,RUSHIL,2025-10
2025-10-17 09:35:00+00:00,26.18000030517578,26.18000030517578,26.21999931335449,26.13999938964844,26.18000030517578,6315,RUSHIL,2025-10
2025-10-17 09:40:00+00:00,26.190000534057617,26.190000534057617,26.200000762939453,26.13999938964844,26.14999961853028,10371,RUSHIL,2025-10
2025-10-17 09:45:00+00:00,26.25,26.25,26.25,26.11000061035156,26.14999961853028,17371,RUSHIL,2025-10
2025-10-17 09:50:00+00:00,26.299999237060547,26.299999237060547,26.299999237060547,26.020000457763672,26.020000457763672,38966,RUSHIL,2025-10
2025-10-17 09:55:00+00:00,26.209999084472656,26.209999084472656,26.690000534057617,26.1299991607666,26.299999237060547,15680,RUSHIL,2025-10
2025-10-20 03:45:00+00:00,26.450000762939453,26.450000762939453,26.479999542236328,26.200000762939453,26.209999084472656,0,RUSHIL,2025-10
2025-10-20 03:50:00+00:00,26.3700008392334,26.3700008392334,26.459999084472656,26.299999237060547,26.450000762939453,3590,RUSHIL,2025-10
2025-10-20 03:55:00+00:00,26.450000762939453,26.450000762939453,26.46999931335449,26.31999969482422,26.3700008392334,1309,RUSHIL,2025-10
2025-10-20 04:00:00+00:00,26.399999618530277,26.399999618530277,26.450000762939453,26.31999969482422,26.450000762939453,2062,RUSHIL,2025-10
2025-10-20 04:05:00+00:00,26.40999984741211,26.40999984741211,26.40999984741211,26.309999465942383,26.3700008392334,1317,RUSHIL,2025-10
2025-10-20 04:10:00+00:00,26.420000076293945,26.420000076293945,26.450000762939453,26.399999618530277,26.40999984741211,10176,RUSHIL,2025-10
2025-10-20 04:15:00+00:00,26.43000030517578,26.43000030517578,26.43000030517578,26.399999618530277,26.43000030517578,0,RUSHIL,2025-10
2025-10-20 04:20:00+00:00,26.399999618530277,26.399999618530277,26.43000030517578,26.399999618530277,26.43000030517578,881,RUSHIL,2025-10
2025-10-20 04:25:00+00:00,26.3700008392334,26.3700008392334,26.399999618530277,26.3700008392334,26.399999618530277,8508,RUSHIL,2025-10
2025-10-20 04:30:00+00:00,26.280000686645508,26.280000686645508,26.3700008392334,26.209999084472656,26.3700008392334,4492,RUSHIL,2025-10
2025-10-20 04:35:00+00:00,26.290000915527344,26.290000915527344,26.290000915527344,26.200000762939453,26.200000762939453,16505,RUSHIL,2025-10
2025-10-20 04:40:00+00:00,26.280000686645508,26.280000686645508,26.290000915527344,26.239999771118164,26.239999771118164,0,RUSHIL,2025-10
2025-10-20 04:45:00+00:00,26.25,26.25,26.270000457763672,26.209999084472656,26.209999084472656,953,RUSHIL,2025-10
2025-10-20 04:50:00+00:00,26.25,26.25,26.270000457763672,26.200000762939453,26.270000457763672,2151,RUSHIL,2025-10
2025-10-20 04:55:00+00:00,26.280000686645508,26.280000686645508,26.280000686645508,26.200000762939453,26.200000762939453,1188,RUSHIL,2025-10
2025-10-20 05:00:00+00:00,26.25,26.25,26.280000686645508,26.209999084472656,26.280000686645508,675,RUSHIL,2025-10
2025-10-20 05:05:00+00:00,26.239999771118164,26.239999771118164,26.239999771118164,26.200000762939453,26.239999771118164,14083,RUSHIL,2025-10
2025-10-20 05:10:00+00:00,26.280000686645508,26.280000686645508,26.299999237060547,26.200000762939453,26.280000686645508,6906,RUSHIL,2025-10
2025-10-20 05:15:00+00:00,26.34000015258789,26.34000015258789,26.34000015258789,26.200000762939453,26.34000015258789,7179,RUSHIL,2025-10
2025-10-20 05:20:00+00:00,26.34000015258789,26.34000015258789,26.34000015258789,26.26000022888184,26.34000015258789,2196,RUSHIL,2025-10
2025-10-20 05:25:00+00:00,26.31999969482422,26.31999969482422,26.31999969482422,26.31999969482422,26.31999969482422,216,RUSHIL,2025-10
2025-10-20 05:30:00+00:00,26.290000915527344,26.290000915527344,26.36000061035156,26.209999084472656,26.36000061035156,5100,RUSHIL,2025-10
2025-10-20 05:35:00+00:00,26.200000762939453,26.200000762939453,26.280000686645508,26.200000762939453,26.239999771118164,2269,RUSHIL,2025-10
2025-10-20 05:40:00+00:00,26.26000022888184,26.26000022888184,26.26000022888184,26.26000022888184,26.26000022888184,0,RUSHIL,2025-10
2025-10-20 05:45:00+00:00,26.200000762939453,26.200000762939453,26.26000022888184,26.200000762939453,26.26000022888184,10125,RUSHIL,2025-10
2025-10-20 05:55:00+00:00,26.21999931335449,26.21999931335449,26.26000022888184,26.209999084472656,26.209999084472656,529,RUSHIL,2025-10
2025-10-20 06:00:00+00:00,26.26000022888184,26.26000022888184,26.26000022888184,26.21999931335449,26.21999931335449,77,RUSHIL,2025-10
2025-10-20 06:05:00+00:00,26.290000915527344,26.290000915527344,26.290000915527344,26.290000915527344,26.290000915527344,90,RUSHIL,2025-10
2025-10-20 06:10:00+00:00,26.270000457763672,26.270000457763672,26.290000915527344,26.209999084472656,26.290000915527344,220,RUSHIL,2025-10
2025-10-20 06:15:00+00:00,26.299999237060547,26.299999237060547,26.299999237060547,26.270000457763672,26.270000457763672,2172,RUSHIL,2025-10
2025-10-20 06:20:00+00:00,26.280000686645508,26.280000686645508,26.34000015258789,26.280000686645508,26.34000015258789,0,RUSHIL,2025-10
2025-10-20 06:25:00+00:00,26.3700008392334,26.3700008392334,26.3700008392334,26.200000762939453,26.200000762939453,7027,RUSHIL,2025-10
2025-10-20 06:30:00+00:00,26.34000015258789,26.34000015258789,26.3700008392334,26.34000015258789,26.3700008392334,3310,RUSHIL,2025-10
2025-10-20 06:35:00+00:00,26.34000015258789,26.34000015258789,26.34000015258789,26.34000015258789,26.34000015258789,1036,RUSHIL,2025-10
2025-10-20 06:40:00+00:00,26.309999465942383,26.309999465942383,26.31999969482422,26.26000022888184,26.299999237060547,376,RUSHIL,2025-10
2025-10-20 06:45:00+00:00,26.299999237060547,26.299999237060547,26.34000015258789,26.290000915527344,26.32999992370605,2216,RUSHIL,2025-10
2025-10-20 06:50:00+00:00,26.3700008392334,26.3700008392334,26.3700008392334,26.290000915527344,26.299999237060547,4195,RUSHIL,2025-10
2025-10-20 06:55:00+00:00,26.3799991607666,26.3799991607666,26.3799991607666,26.3799991607666,26.3799991607666,0,RUSHIL,2025-10
2025-10-20 07:00:00+00:00,26.350000381469727,26.350000381469727,26.3799991607666,26.200000762939453,26.3799991607666,11842,RUSHIL,2025-10
2025-10-20 07:05:00+00:00,26.309999465942383,26.309999465942383,26.350000381469727,26.309999465942383,26.350000381469727,1035,RUSHIL,2025-10
2025-10-20 07:10:00+00:00,26.309999465942383,26.309999465942383,26.309999465942383,26.309999465942383,26.309999465942383,0,RUSHIL,2025-10
2025-10-20 07:20:00+00:00,26.299999237060547,26.299999237060547,26.3700008392334,26.290000915527344,26.309999465942383,1316,RUSHIL,2025-10
2025-10-20 07:25:00+00:00,26.3799991607666,26.3799991607666,26.3799991607666,26.3799991607666,26.3799991607666,947,RUSHIL,2025-10
2025-10-20 07:30:00+00:00,26.59000015258789,26.59000015258789,26.600000381469727,26.3700008392334,26.3700008392334,16030,RUSHIL,2025-10
2025-10-20 07:35:00+00:00,26.51000022888184,26.51000022888184,26.600000381469727,26.420000076293945,26.57999992370605,16601,RUSHIL,2025-10
2025-10-20 07:40:00+00:00,26.549999237060547,26.549999237060547,26.649999618530277,26.549999237060547,26.57999992370605,11819,RUSHIL,2025-10
2025-10-20 07:45:00+00:00,26.899999618530277,26.899999618530277,27.06999969482422,26.700000762939453,26.700000762939453,41663,RUSHIL,2025-10
2025-10-20 07:50:00+00:00,27.01000022888184,27.01000022888184,27.34000015258789,27.01000022888184,27.06999969482422,66414,RUSHIL,2025-10
2025-10-20 07:55:00+00:00,26.899999618530277,26.899999618530277,27.1299991607666,26.899999618530277,27.01000022888184,22116,RUSHIL,2025-10
2025-10-20 08:00:00+00:00,26.88999938964844,26.88999938964844,26.899999618530277,26.850000381469727,26.899999618530277,12464,RUSHIL,2025-10
2025-10-20 08:05:00+00:00,26.979999542236328,26.979999542236328,27.049999237060547,26.809999465942383,26.88999938964844,56840,RUSHIL,2025-10
2025-10-20 08:10:00+00:00,26.950000762939453,26.950000762939453,26.979999542236328,26.950000762939453,26.96999931335449,1808,RUSHIL,2025-10
2025-10-20 08:15:00+00:00,26.86000061035156,26.86000061035156,26.940000534057617,26.86000061035156,26.940000534057617,641,RUSHIL,2025-10
2025-10-20 08:20:00+00:00,26.93000030517578,26.93000030517578,26.93000030517578,26.700000762939453,26.86000061035156,11934,RUSHIL,2025-10
2025-10-20 08:25:00+00:00,26.86000061035156,26.86000061035156,26.899999618530277,26.86000061035156,26.899999618530277,5164,RUSHIL,2025-10
2025-10-20 08:30:00+00:00,26.799999237060547,26.799999237060547,26.86000061035156,26.799999237060547,26.850000381469727,1581,RUSHIL,2025-10
2025-10-20 08:35:00+00:00,26.700000762939453,26.700000762939453,26.780000686645508,26.670000076293945,26.739999771118164,15952,RUSHIL,2025-10
2025-10-20 08:40:00+00:00,26.700000762939453,26.700000762939453,26.700000762939453,26.700000762939453,26.700000762939453,195,RUSHIL,2025-10
2025-10-20 08:45:00+00:00,26.770000457763672,26.770000457763672,26.770000457763672,26.700000762939453,26.700000762939453,938,RUSHIL,2025-10
2025-10-20 08:50:00+00:00,26.709999084472656,26.709999084472656,26.76000022888184,26.700000762939453,26.700000762939453,235,RUSHIL,2025-10
2025-10-20 08:55:00+00:00,26.76000022888184,26.76000022888184,26.76000022888184,26.76000022888184,26.76000022888184,24,RUSHIL,2025-10
2025-10-20 09:00:00+00:00,26.790000915527344,26.790000915527344,26.790000915527344,26.709999084472656,26.709999084472656,2123,RUSHIL,2025-10
2025-10-20 09:05:00+00:00,26.739999771118164,26.739999771118164,26.739999771118164,26.709999084472656,26.739999771118164,0,RUSHIL,2025-10
2025-10-20 09:10:00+00:00,26.739999771118164,26.739999771118164,26.76000022888184,26.739999771118164,26.76000022888184,314,RUSHIL,2025-10
2025-10-20 09:15:00+00:00,26.71999931335449,26.71999931335449,26.71999931335449,26.649999618530277,26.700000762939453,10694,RUSHIL,2025-10
2025-10-20 09:20:00+00:00,26.670000076293945,26.670000076293945,26.739999771118164,26.63999938964844,26.63999938964844,4150,RUSHIL,2025-10
2025-10-20 09:25:00+00:00,26.670000076293945,26.670000076293945,26.670000076293945,26.670000076293945,26.670000076293945,510,RUSHIL,2025-10
2025-10-20 09:30:00+00:00,26.709999084472656,26.709999084472656,26.71999931335449,26.709999084472656,26.71999931335449,1104,RUSHIL,2025-10
2025-10-20 09:35:00+00:00,26.670000076293945,26.670000076293945,26.729999542236328,26.670000076293945,26.729999542236328,12775,RUSHIL,2025-10
2025-10-20 09:40:00+00:00,26.709999084472656,26.709999084472656,26.709999084472656,26.600000381469727,26.649999618530277,42626,RUSHIL,2025-10
2025-10-20 09:45:00+00:00,26.90999984741211,26.90999984741211,26.989999771118164,26.709999084472656,26.709999084472656,16004,RUSHIL,2025-10
2025-10-20 09:50:00+00:00,26.75,26.75,26.899999618530277,26.739999771118164,26.850000381469727,13236,RUSHIL,2025-10
2025-10-20 09:55:00+00:00,26.649999618530277,26.649999618530277,26.850000381469727,26.5,26.75,16228,RUSHIL,2025-10
