datetime,adj_close,close,high,low,open,volume,symbol,month
2025-09-01 03:45:00+00:00,95.5,95.5,96.58999633789062,95.5,96.5,0,HILINFRA,2025-09
2025-09-01 03:50:00+00:00,95.19000244140625,95.19000244140625,95.73999786376953,95.19000244140625,95.5,41189,HILINFRA,2025-09
2025-09-01 03:55:00+00:00,93.69999694824219,93.69999694824219,95.31999969482422,93.4000015258789,95.31999969482422,92977,HILINFRA,2025-09
2025-09-01 04:00:00+00:00,94.19999694824219,94.19999694824219,94.4000015258789,93.66000366210938,93.70999908447266,41776,HILINFRA,2025-09
2025-09-01 04:05:00+00:00,93.9000015258789,93.9000015258789,94.30999755859375,93.80999755859375,94.23999786376953,25070,HILINFRA,2025-09
2025-09-01 04:10:00+00:00,94.08000183105469,94.08000183105469,94.30000305175781,93.8499984741211,93.9800033569336,39684,HILINFRA,2025-09
2025-09-01 04:15:00+00:00,93.47000122070312,93.47000122070312,94.19000244140625,93.20999908447266,94.19000244140625,54623,HILINFRA,2025-09
2025-09-01 04:20:00+00:00,93.77999877929688,93.77999877929688,93.83000183105469,93.25,93.25,23858,HILINFRA,2025-09
2025-09-01 04:25:00+00:00,93.66999816894531,93.66999816894531,93.77999877929688,93.5,93.77999877929688,11616,HILINFRA,2025-09
2025-09-01 04:30:00+00:00,94.06999969482422,94.06999969482422,94.11000061035156,93.69999694824219,93.69999694824219,10348,HILINFRA,2025-09
2025-09-01 04:35:00+00:00,93.9000015258789,93.9000015258789,94.43000030517578,93.87999725341797,94.05999755859375,14106,HILINFRA,2025-09
2025-09-01 04:40:00+00:00,93.80000305175781,93.80000305175781,93.98999786376953,93.72000122070312,93.98999786376953,11503,HILINFRA,2025-09
2025-09-01 04:45:00+00:00,93.80999755859375,93.80999755859375,93.9800033569336,93.66000366210938,93.80000305175781,4350,HILINFRA,2025-09
2025-09-01 04:50:00+00:00,93.5999984741211,93.5999984741211,93.70999908447266,93.5999984741211,93.69999694824219,8367,HILINFRA,2025-09
2025-09-01 04:55:00+00:00,93.80999755859375,93.80999755859375,93.9000015258789,93.5999984741211,93.5999984741211,3965,HILINFRA,2025-09
2025-09-01 05:00:00+00:00,93.68000030517578,93.68000030517578,93.98999786376953,93.5999984741211,93.87999725341797,3380,HILINFRA,2025-09
2025-09-01 05:05:00+00:00,93.5,93.5,93.70999908447266,93.30000305175781,93.68000030517578,12566,HILINFRA,2025-09
2025-09-01 05:10:00+00:00,93.68000030517578,93.68000030517578,93.68000030517578,93.5,93.63999938964844,3967,HILINFRA,2025-09
2025-09-01 05:15:00+00:00,93.5,93.5,93.5999984741211,93.33000183105469,93.5999984741211,6964,HILINFRA,2025-09
2025-09-01 05:20:00+00:00,93.5,93.5,93.54000091552734,93.4000015258789,93.5199966430664,7826,HILINFRA,2025-09
2025-09-01 05:25:00+00:00,93.4800033569336,93.4800033569336,93.51000213623047,93.3499984741211,93.51000213623047,3101,HILINFRA,2025-09
2025-09-01 05:30:00+00:00,93.5,93.5,93.63999938964844,93.38999938964844,93.38999938964844,6584,HILINFRA,2025-09
2025-09-01 05:35:00+00:00,93.5,93.5,93.5999984741211,93.4000015258789,93.5,4549,HILINFRA,2025-09
2025-09-01 05:40:00+00:00,93.54000091552734,93.54000091552734,93.55000305175781,93.3499984741211,93.41000366210938,6146,HILINFRA,2025-09
2025-09-01 05:45:00+00:00,93.70999908447266,93.70999908447266,93.80000305175781,93.54000091552734,93.54000091552734,4956,HILINFRA,2025-09
2025-09-01 05:50:00+00:00,93.87999725341797,93.87999725341797,93.87999725341797,93.5,93.51000213623047,12427,HILINFRA,2025-09
2025-09-01 05:55:00+00:00,94.25,94.25,94.4000015258789,93.69000244140625,93.9000015258789,12676,HILINFRA,2025-09
2025-09-01 06:00:00+00:00,94.83000183105469,94.83000183105469,94.97000122070312,94.4000015258789,94.4000015258789,17619,HILINFRA,2025-09
2025-09-01 06:05:00+00:00,95.44999694824219,95.44999694824219,95.44999694824219,94.69999694824219,94.69999694824219,24959,HILINFRA,2025-09
2025-09-01 06:10:00+00:00,95.19999694824219,95.19999694824219,95.72000122070312,95.0999984741211,95.5,11497,HILINFRA,2025-09
2025-09-01 06:15:00+00:00,95.23999786376953,95.23999786376953,95.2699966430664,94.83999633789062,95.1500015258789,19085,HILINFRA,2025-09
2025-09-01 06:20:00+00:00,95.08999633789062,95.08999633789062,95.38999938964844,95.0,95.38999938964844,5274,HILINFRA,2025-09
2025-09-01 06:25:00+00:00,95.16999816894531,95.16999816894531,95.19999694824219,95.05000305175781,95.05999755859375,4067,HILINFRA,2025-09
2025-09-01 06:30:00+00:00,95.12000274658203,95.12000274658203,95.19999694824219,95.01000213623047,95.05000305175781,9508,HILINFRA,2025-09
2025-09-01 06:35:00+00:00,95.19999694824219,95.19999694824219,95.19999694824219,95.01000213623047,95.12000274658203,19027,HILINFRA,2025-09
2025-09-01 06:40:00+00:00,95.5999984741211,95.5999984741211,95.66000366210938,95.0199966430664,95.19999694824219,32140,HILINFRA,2025-09
2025-09-01 06:45:00+00:00,95.47000122070312,95.47000122070312,95.69999694824219,95.47000122070312,95.69000244140625,9722,HILINFRA,2025-09
2025-09-01 06:50:00+00:00,95.6500015258789,95.6500015258789,95.75,95.51000213623047,95.61000061035156,6935,HILINFRA,2025-09
2025-09-01 06:55:00+00:00,96.5999984741211,96.5999984741211,96.5999984741211,95.51000213623047,95.63999938964844,76956,HILINFRA,2025-09
2025-09-01 07:00:00+00:00,97.1500015258789,97.1500015258789,97.5,96.83999633789062,96.8499984741211,95094,HILINFRA,2025-09
2025-09-01 07:05:00+00:00,96.16000366210938,96.16000366210938,96.87000274658203,96.08000183105469,96.5199966430664,33778,HILINFRA,2025-09
2025-09-01 07:10:00+00:00,95.83999633789062,95.83999633789062,96.25,95.62000274658203,96.25,30438,HILINFRA,2025-09
2025-09-01 07:15:00+00:00,96.08000183105469,96.08000183105469,96.12000274658203,95.55999755859375,95.69999694824219,55953,HILINFRA,2025-09
2025-09-01 07:20:00+00:00,95.80000305175781,95.80000305175781,96.3499984741211,95.80000305175781,96.0,10474,HILINFRA,2025-09
2025-09-01 07:25:00+00:00,95.5,95.5,95.98999786376953,95.5,95.80000305175781,11191,HILINFRA,2025-09
2025-09-01 07:30:00+00:00,95.5,95.5,95.80000305175781,95.30000305175781,95.72000122070312,13375,HILINFRA,2025-09
2025-09-01 07:35:00+00:00,95.20999908447266,95.20999908447266,95.9000015258789,95.20999908447266,95.44999694824219,7186,HILINFRA,2025-09
2025-09-01 07:40:00+00:00,95.30000305175781,95.30000305175781,95.66000366210938,95.30000305175781,95.5999984741211,5395,HILINFRA,2025-09
2025-09-01 07:45:00+00:00,95.3499984741211,95.3499984741211,95.48999786376953,95.19999694824219,95.22000122070312,2812,HILINFRA,2025-09
2025-09-01 07:50:00+00:00,95.37000274658203,95.37000274658203,95.4800033569336,95.01000213623047,95.43000030517578,18746,HILINFRA,2025-09
2025-09-01 07:55:00+00:00,95.06999969482422,95.06999969482422,95.38999938964844,95.01000213623047,95.37000274658203,4665,HILINFRA,2025-09
2025-09-01 08:00:00+00:00,95.20999908447266,95.20999908447266,95.31999969482422,95.01000213623047,95.16999816894531,2232,HILINFRA,2025-09
2025-09-01 08:05:00+00:00,95.12999725341797,95.12999725341797,95.27999877929688,95.0,95.19000244140625,8935,HILINFRA,2025-09
2025-09-01 08:10:00+00:00,95.23999786376953,95.23999786376953,95.5,95.12000274658203,95.18000030517578,3069,HILINFRA,2025-09
2025-09-01 08:15:00+00:00,95.91000366210938,95.91000366210938,95.94000244140625,95.38999938964844,95.38999938964844,19377,HILINFRA,2025-09
2025-09-01 08:20:00+00:00,96.16000366210938,96.16000366210938,96.16000366210938,95.66000366210938,95.91000366210938,12769,HILINFRA,2025-09
2025-09-01 08:25:00+00:00,96.44999694824219,96.44999694824219,96.76000213623047,96.13999938964844,96.13999938964844,15166,HILINFRA,2025-09
2025-09-01 08:30:00+00:00,96.22000122070312,96.22000122070312,96.44999694824219,96.16000366210938,96.44999694824219,6410,HILINFRA,2025-09
2025-09-01 08:35:00+00:00,96.19000244140625,96.19000244140625,96.19000244140625,95.72000122070312,96.16999816894531,12214,HILINFRA,2025-09
2025-09-01 08:40:00+00:00,95.94000244140625,95.94000244140625,96.16000366210938,95.52999877929688,96.16000366210938,3027,HILINFRA,2025-09
2025-09-01 08:45:00+00:00,95.93000030517578,95.93000030517578,95.94000244140625,95.61000061035156,95.91000366210938,3489,HILINFRA,2025-09
2025-09-01 08:50:00+00:00,95.79000091552734,95.79000091552734,96.02999877929688,95.51000213623047,95.75,2998,HILINFRA,2025-09
2025-09-01 08:55:00+00:00,95.79000091552734,95.79000091552734,96.0,95.7300033569336,95.79000091552734,2597,HILINFRA,2025-09
2025-09-01 09:00:00+00:00,95.9000015258789,95.9000015258789,95.95999908447266,95.76000213623047,95.94000244140625,2000,HILINFRA,2025-09
2025-09-01 09:05:00+00:00,95.75,95.75,95.88999938964844,95.5999984741211,95.8499984741211,4050,HILINFRA,2025-09
2025-09-01 09:10:00+00:00,95.9000015258789,95.9000015258789,95.94999694824219,95.69000244140625,95.75,9039,HILINFRA,2025-09
2025-09-01 09:15:00+00:00,95.33000183105469,95.33000183105469,95.94999694824219,95.30000305175781,95.9000015258789,10415,HILINFRA,2025-09
2025-09-01 09:20:00+00:00,95.69999694824219,95.69999694824219,95.7300033569336,95.19999694824219,95.4800033569336,19223,HILINFRA,2025-09
2025-09-01 09:25:00+00:00,95.43000030517578,95.43000030517578,95.80000305175781,95.29000091552734,95.66000366210938,12640,HILINFRA,2025-09
2025-09-01 09:30:00+00:00,95.16999816894531,95.16999816894531,95.5,95.12000274658203,95.41999816894531,14171,HILINFRA,2025-09
2025-09-01 09:35:00+00:00,95.4000015258789,95.4000015258789,95.5,95.19999694824219,95.5,19785,HILINFRA,2025-09
2025-09-01 09:40:00+00:00,95.80999755859375,95.80999755859375,96.5,95.80999755859375,95.98999786376953,77212,HILINFRA,2025-09
2025-09-01 09:45:00+00:00,95.69999694824219,95.69999694824219,96.0,95.30000305175781,95.98999786376953,23848,HILINFRA,2025-09
2025-09-01 09:50:00+00:00,96.06999969482422,96.06999969482422,96.30000305175781,95.61000061035156,95.61000061035156,24914,HILINFRA,2025-09
2025-09-01 09:55:00+00:00,95.81999969482422,95.81999969482422,96.19999694824219,95.5,96.19999694824219,30677,HILINFRA,2025-09
2025-09-02 03:45:00+00:00,98.30000305175781,98.30000305175781,98.30000305175781,96.5,97.30000305175781,0,HILINFRA,2025-09
2025-09-02 03:50:00+00:00,97.0,97.0,98.30000305175781,96.80999755859375,98.30000305175781,76407,HILINFRA,2025-09
2025-09-02 03:55:00+00:00,96.6500015258789,96.6500015258789,96.80000305175781,96.20999908447266,96.80000305175781,21920,HILINFRA,2025-09
2025-09-02 04:00:00+00:00,96.18000030517578,96.18000030517578,96.80000305175781,96.05000305175781,96.6500015258789,44411,HILINFRA,2025-09
2025-09-02 04:05:00+00:00,96.30999755859375,96.30999755859375,96.63999938964844,96.06999969482422,96.0999984741211,14399,HILINFRA,2025-09
2025-09-02 04:10:00+00:00,96.5,96.5,96.5,96.20999908447266,96.30999755859375,5070,HILINFRA,2025-09
2025-09-02 04:15:00+00:00,96.37000274658203,96.37000274658203,96.5,96.0199966430664,96.5,33214,HILINFRA,2025-09
2025-09-02 04:20:00+00:00,96.69000244140625,96.69000244140625,96.75,96.25,96.30000305175781,18862,HILINFRA,2025-09
2025-09-02 04:25:00+00:00,96.37000274658203,96.37000274658203,96.69000244140625,96.0199966430664,96.69000244140625,20883,HILINFRA,2025-09
2025-09-02 04:30:00+00:00,96.44999694824219,96.44999694824219,96.5,96.19999694824219,96.5,3890,HILINFRA,2025-09
2025-09-02 04:35:00+00:00,96.52999877929688,96.52999877929688,96.66000366210938,96.22000122070312,96.4800033569336,8869,HILINFRA,2025-09
2025-09-02 04:40:00+00:00,96.83999633789062,96.83999633789062,96.83999633789062,96.5199966430664,96.5199966430664,6777,HILINFRA,2025-09
2025-09-02 04:45:00+00:00,96.69999694824219,96.69999694824219,96.94000244140625,96.5999984741211,96.8499984741211,24525,HILINFRA,2025-09
2025-09-02 04:50:00+00:00,96.72000122070312,96.72000122070312,96.80000305175781,96.55000305175781,96.69999694824219,15934,HILINFRA,2025-09
2025-09-02 04:55:00+00:00,96.66999816894531,96.66999816894531,96.70999908447266,96.55000305175781,96.55000305175781,3434,HILINFRA,2025-09
2025-09-02 05:00:00+00:00,96.69999694824219,96.69999694824219,96.94999694824219,96.56999969482422,96.66999816894531,15508,HILINFRA,2025-09
2025-09-02 05:05:00+00:00,96.5999984741211,96.5999984741211,96.72000122070312,96.54000091552734,96.69999694824219,4833,HILINFRA,2025-09
2025-09-02 05:10:00+00:00,96.68000030517578,96.68000030517578,96.76000213623047,96.54000091552734,96.5999984741211,3188,HILINFRA,2025-09
2025-09-02 05:15:00+00:00,96.79000091552734,96.79000091552734,96.98999786376953,96.70999908447266,96.76000213623047,8265,HILINFRA,2025-09
2025-09-02 05:20:00+00:00,96.7300033569336,96.7300033569336,96.83000183105469,96.55000305175781,96.76000213623047,2695,HILINFRA,2025-09
2025-09-02 05:25:00+00:00,96.69999694824219,96.69999694824219,96.81999969482422,96.5999984741211,96.81999969482422,3757,HILINFRA,2025-09
2025-09-02 05:30:00+00:00,96.44000244140625,96.44000244140625,96.69999694824219,96.31999969482422,96.69999694824219,16196,HILINFRA,2025-09
2025-09-02 05:35:00+00:00,96.36000061035156,96.36000061035156,96.36000061035156,95.73999786376953,96.0,59125,HILINFRA,2025-09
2025-09-02 05:40:00+00:00,96.0,96.0,96.3499984741211,95.9000015258789,96.19999694824219,8686,HILINFRA,2025-09
2025-09-02 05:45:00+00:00,95.5999984741211,95.5999984741211,95.97000122070312,95.27999877929688,95.94000244140625,27816,HILINFRA,2025-09
2025-09-02 05:50:00+00:00,95.69999694824219,95.69999694824219,95.7699966430664,95.4000015258789,95.58000183105469,15689,HILINFRA,2025-09
2025-09-02 05:55:00+00:00,95.6500015258789,95.6500015258789,95.9800033569336,95.58000183105469,95.66999816894531,11313,HILINFRA,2025-09
2025-09-02 06:00:00+00:00,95.62000274658203,95.62000274658203,95.87999725341797,95.5,95.87000274658203,5264,HILINFRA,2025-09
2025-09-02 06:05:00+00:00,95.79000091552734,95.79000091552734,95.79000091552734,95.41999816894531,95.5199966430664,6759,HILINFRA,2025-09
2025-09-02 06:10:00+00:00,95.48999786376953,95.48999786376953,95.72000122070312,95.45999908447266,95.69999694824219,1894,HILINFRA,2025-09
2025-09-02 06:15:00+00:00,95.4800033569336,95.4800033569336,95.5,95.4000015258789,95.47000122070312,9419,HILINFRA,2025-09
2025-09-02 06:20:00+00:00,95.38999938964844,95.38999938964844,95.48999786376953,95.31999969482422,95.48999786376953,5230,HILINFRA,2025-09
2025-09-02 06:25:00+00:00,95.12000274658203,95.12000274658203,95.2699966430664,94.5,95.23999786376953,67651,HILINFRA,2025-09
2025-09-02 06:30:00+00:00,95.0999984741211,95.0999984741211,95.25,95.01000213623047,95.25,10125,HILINFRA,2025-09
2025-09-02 06:35:00+00:00,94.9000015258789,94.9000015258789,95.0999984741211,94.72000122070312,95.0999984741211,7791,HILINFRA,2025-09
2025-09-02 06:40:00+00:00,95.0,95.0,95.0199966430664,94.70999908447266,94.80999755859375,6852,HILINFRA,2025-09
2025-09-02 06:45:00+00:00,94.56999969482422,94.56999969482422,95.0,94.55000305175781,94.91999816894531,10434,HILINFRA,2025-09
2025-09-02 06:50:00+00:00,95.0999984741211,95.0999984741211,95.0999984741211,94.55000305175781,94.55000305175781,26999,HILINFRA,2025-09
2025-09-02 06:55:00+00:00,95.19999694824219,95.19999694824219,95.20999908447266,94.91000366210938,95.01000213623047,3285,HILINFRA,2025-09
2025-09-02 07:00:00+00:00,94.97000122070312,94.97000122070312,95.16999816894531,94.86000061035156,95.1500015258789,5702,HILINFRA,2025-09
2025-09-02 07:05:00+00:00,94.75,94.75,94.97000122070312,94.75,94.97000122070312,13213,HILINFRA,2025-09
2025-09-02 07:10:00+00:00,94.6500015258789,94.6500015258789,94.98999786376953,94.51000213623047,94.75,11944,HILINFRA,2025-09
2025-09-02 07:15:00+00:00,94.80000305175781,94.80000305175781,94.98999786376953,94.68000030517578,94.8499984741211,4617,HILINFRA,2025-09
2025-09-02 07:20:00+00:00,94.87999725341797,94.87999725341797,95.02999877929688,94.68000030517578,94.69999694824219,6864,HILINFRA,2025-09
2025-09-02 07:25:00+00:00,94.94000244140625,94.94000244140625,95.0199966430664,94.87999725341797,95.0,4843,HILINFRA,2025-09
2025-09-02 07:30:00+00:00,94.95999908447266,94.95999908447266,94.95999908447266,94.79000091552734,94.91999816894531,1553,HILINFRA,2025-09
2025-09-02 07:35:00+00:00,94.9000015258789,94.9000015258789,95.0,94.76000213623047,94.95999908447266,4746,HILINFRA,2025-09
2025-09-02 07:40:00+00:00,94.87000274658203,94.87000274658203,94.97000122070312,94.7699966430664,94.7699966430664,2060,HILINFRA,2025-09
2025-09-02 07:45:00+00:00,94.91999816894531,94.91999816894531,95.0,94.70999908447266,94.87000274658203,7389,HILINFRA,2025-09
2025-09-02 07:50:00+00:00,94.66999816894531,94.66999816894531,94.97000122070312,94.66999816894531,94.91999816894531,4705,HILINFRA,2025-09
2025-09-02 07:55:00+00:00,94.69999694824219,94.69999694824219,94.83999633789062,94.68000030517578,94.83999633789062,3400,HILINFRA,2025-09
2025-09-02 08:00:00+00:00,94.83000183105469,94.83000183105469,94.83000183105469,94.5999984741211,94.69999694824219,8532,HILINFRA,2025-09
2025-09-02 08:05:00+00:00,94.66999816894531,94.66999816894531,94.9000015258789,94.6500015258789,94.81999969482422,5290,HILINFRA,2025-09
2025-09-02 08:10:00+00:00,94.75,94.75,94.7699966430664,94.61000061035156,94.7699966430664,1479,HILINFRA,2025-09
2025-09-02 08:15:00+00:00,94.56999969482422,94.56999969482422,94.7300033569336,94.54000091552734,94.7300033569336,7611,HILINFRA,2025-09
2025-09-02 08:20:00+00:00,94.66999816894531,94.66999816894531,94.9000015258789,94.56999969482422,94.56999969482422,5891,HILINFRA,2025-09
2025-09-02 08:25:00+00:00,94.66999816894531,94.66999816894531,94.77999877929688,94.51000213623047,94.77999877929688,5136,HILINFRA,2025-09
2025-09-02 08:30:00+00:00,94.51000213623047,94.51000213623047,94.66999816894531,94.51000213623047,94.56999969482422,3682,HILINFRA,2025-09
2025-09-02 08:35:00+00:00,94.62000274658203,94.62000274658203,94.62000274658203,94.51000213623047,94.51000213623047,5907,HILINFRA,2025-09
2025-09-02 08:40:00+00:00,94.58999633789062,94.58999633789062,94.66999816894531,94.5,94.51000213623047,36029,HILINFRA,2025-09
2025-09-02 08:45:00+00:00,94.58999633789062,94.58999633789062,94.5999984741211,94.30999755859375,94.58000183105469,16989,HILINFRA,2025-09
2025-09-02 08:50:00+00:00,94.75,94.75,94.76000213623047,94.5,94.5,13278,HILINFRA,2025-09
2025-09-02 08:55:00+00:00,94.73999786376953,94.73999786376953,94.7699966430664,94.5,94.63999938964844,5725,HILINFRA,2025-09
2025-09-02 09:00:00+00:00,94.5,94.5,94.7300033569336,94.5,94.56999969482422,2950,HILINFRA,2025-09
2025-09-02 09:05:00+00:00,94.4000015258789,94.4000015258789,94.68000030517578,94.4000015258789,94.62999725341797,16639,HILINFRA,2025-09
2025-09-02 09:10:00+00:00,94.6500015258789,94.6500015258789,94.6500015258789,94.4000015258789,94.48999786376953,7416,HILINFRA,2025-09
2025-09-02 09:15:00+00:00,94.63999938964844,94.63999938964844,94.73999786376953,94.48999786376953,94.69000244140625,9977,HILINFRA,2025-09
2025-09-02 09:20:00+00:00,94.58999633789062,94.58999633789062,94.69999694824219,94.41999816894531,94.51000213623047,6284,HILINFRA,2025-09
2025-09-02 09:25:00+00:00,94.33999633789062,94.33999633789062,94.5999984741211,94.33999633789062,94.58000183105469,6610,HILINFRA,2025-09
2025-09-02 09:30:00+00:00,94.7699966430664,94.7699966430664,94.7699966430664,94.33999633789062,94.48999786376953,12685,HILINFRA,2025-09
2025-09-02 09:35:00+00:00,94.91000366210938,94.91000366210938,94.91000366210938,94.61000061035156,94.7699966430664,16811,HILINFRA,2025-09
2025-09-02 09:40:00+00:00,94.8499984741211,94.8499984741211,95.19999694824219,94.80000305175781,94.91999816894531,29734,HILINFRA,2025-09
2025-09-02 09:45:00+00:00,94.36000061035156,94.36000061035156,94.80000305175781,94.08000183105469,94.80000305175781,56319,HILINFRA,2025-09
2025-09-02 09:50:00+00:00,94.04000091552734,94.04000091552734,94.4800033569336,94.0,94.19999694824219,24459,HILINFRA,2025-09
2025-09-02 09:55:00+00:00,94.0,94.0,94.1500015258789,93.83000183105469,93.9800033569336,35892,HILINFRA,2025-09
2025-09-03 03:45:00+00:00,94.01000213623047,94.01000213623047,95.98999786376953,94.01000213623047,95.30999755859375,64052,HILINFRA,2025-09
2025-09-03 03:50:00+00:00,94.06999969482422,94.06999969482422,94.43000030517578,93.81999969482422,93.81999969482422,25338,HILINFRA,2025-09
2025-09-03 03:55:00+00:00,94.4000015258789,94.4000015258789,94.44999694824219,93.79000091552734,94.0199966430664,21955,HILINFRA,2025-09
2025-09-03 04:00:00+00:00,94.87999725341797,94.87999725341797,94.87999725341797,94.30000305175781,94.55000305175781,14520,HILINFRA,2025-09
2025-09-03 04:05:00+00:00,94.83000183105469,94.83000183105469,95.4800033569336,94.55000305175781,94.63999938964844,16444,HILINFRA,2025-09
2025-09-03 04:10:00+00:00,94.58999633789062,94.58999633789062,94.83999633789062,94.55000305175781,94.76000213623047,5752,HILINFRA,2025-09
2025-09-03 04:15:00+00:00,94.77999877929688,94.77999877929688,94.94999694824219,94.4000015258789,94.52999877929688,9571,HILINFRA,2025-09
2025-09-03 04:20:00+00:00,94.7699966430664,94.7699966430664,94.77999877929688,94.4800033569336,94.77999877929688,4841,HILINFRA,2025-09
2025-09-03 04:25:00+00:00,94.69999694824219,94.69999694824219,94.9000015258789,94.43000030517578,94.7699966430664,13195,HILINFRA,2025-09
2025-09-03 04:30:00+00:00,94.7300033569336,94.7300033569336,94.9000015258789,94.5,94.77999877929688,11408,HILINFRA,2025-09
2025-09-03 04:35:00+00:00,94.62000274658203,94.62000274658203,94.73999786376953,94.55000305175781,94.63999938964844,5064,HILINFRA,2025-09
2025-09-03 04:40:00+00:00,94.44000244140625,94.44000244140625,94.73999786376953,94.05999755859375,94.70999908447266,23372,HILINFRA,2025-09
2025-09-03 04:45:00+00:00,93.95999908447266,93.95999908447266,94.44999694824219,93.81999969482422,94.18000030517578,32070,HILINFRA,2025-09
2025-09-03 04:50:00+00:00,94.12999725341797,94.12999725341797,94.19999694824219,93.66000366210938,93.83999633789062,23414,HILINFRA,2025-09
2025-09-03 04:55:00+00:00,94.05999755859375,94.05999755859375,94.23999786376953,94.01000213623047,94.16000366210938,4337,HILINFRA,2025-09
2025-09-03 05:00:00+00:00,94.30999755859375,94.30999755859375,94.30999755859375,94.0,94.16999816894531,9188,HILINFRA,2025-09
2025-09-03 05:05:00+00:00,94.30000305175781,94.30000305175781,94.4000015258789,94.08000183105469,94.3499984741211,21813,HILINFRA,2025-09
2025-09-03 05:10:00+00:00,94.30000305175781,94.30000305175781,94.38999938964844,94.16000366210938,94.38999938964844,4918,HILINFRA,2025-09
2025-09-03 05:15:00+00:00,94.1500015258789,94.1500015258789,94.16999816894531,93.9800033569336,94.16000366210938,10676,HILINFRA,2025-09
2025-09-03 05:20:00+00:00,93.8499984741211,93.8499984741211,94.1500015258789,93.83999633789062,94.1500015258789,10414,HILINFRA,2025-09
2025-09-03 05:25:00+00:00,93.80000305175781,93.80000305175781,93.8499984741211,93.69999694824219,93.8499984741211,6479,HILINFRA,2025-09
2025-09-03 05:30:00+00:00,93.8499984741211,93.8499984741211,94.0999984741211,93.69999694824219,93.7300033569336,15803,HILINFRA,2025-09
2025-09-03 05:35:00+00:00,93.79000091552734,93.79000091552734,93.83000183105469,93.5999984741211,93.83000183105469,5529,HILINFRA,2025-09
2025-09-03 05:40:00+00:00,93.61000061035156,93.61000061035156,93.83000183105469,93.56999969482422,93.83000183105469,18841,HILINFRA,2025-09
2025-09-03 05:45:00+00:00,93.5,93.5,93.80999755859375,93.37999725341797,93.61000061035156,13903,HILINFRA,2025-09
2025-09-03 05:50:00+00:00,93.55000305175781,93.55000305175781,93.55999755859375,93.11000061035156,93.5,26019,HILINFRA,2025-09
2025-09-03 05:55:00+00:00,93.61000061035156,93.61000061035156,93.61000061035156,93.47000122070312,93.55000305175781,11126,HILINFRA,2025-09
2025-09-03 06:00:00+00:00,93.69999694824219,93.69999694824219,93.76000213623047,93.47000122070312,93.61000061035156,6324,HILINFRA,2025-09
2025-09-03 06:05:00+00:00,93.6500015258789,93.6500015258789,93.73999786376953,93.56999969482422,93.5999984741211,1837,HILINFRA,2025-09
2025-09-03 06:10:00+00:00,93.56999969482422,93.56999969482422,93.6500015258789,93.5,93.6500015258789,2732,HILINFRA,2025-09
2025-09-03 06:15:00+00:00,93.4000015258789,93.4000015258789,93.66999816894531,93.38999938964844,93.54000091552734,4734,HILINFRA,2025-09
2025-09-03 06:20:00+00:00,93.47000122070312,93.47000122070312,93.54000091552734,93.41999816894531,93.44999694824219,861,HILINFRA,2025-09
2025-09-03 06:25:00+00:00,93.55999755859375,93.55999755859375,93.66999816894531,93.44999694824219,93.5199966430664,5482,HILINFRA,2025-09
2025-09-03 06:30:00+00:00,93.80000305175781,93.80000305175781,93.94999694824219,93.51000213623047,93.55999755859375,30273,HILINFRA,2025-09
2025-09-03 06:35:00+00:00,93.7300033569336,93.7300033569336,93.93000030517578,93.7300033569336,93.80000305175781,2196,HILINFRA,2025-09
2025-09-03 06:40:00+00:00,93.69000244140625,93.69000244140625,93.7699966430664,93.62000274658203,93.69999694824219,1762,HILINFRA,2025-09
2025-09-03 06:45:00+00:00,94.11000061035156,94.11000061035156,94.19999694824219,93.69000244140625,93.69000244140625,7370,HILINFRA,2025-09
2025-09-03 06:50:00+00:00,94.27999877929688,94.27999877929688,94.27999877929688,94.11000061035156,94.19000244140625,2970,HILINFRA,2025-09
2025-09-03 06:55:00+00:00,94.27999877929688,94.27999877929688,94.37999725341797,94.16000366210938,94.37999725341797,5016,HILINFRA,2025-09
2025-09-03 07:00:00+00:00,94.31999969482422,94.31999969482422,94.33999633789062,94.16000366210938,94.22000122070312,1769,HILINFRA,2025-09
2025-09-03 07:05:00+00:00,94.12999725341797,94.12999725341797,94.31999969482422,93.91000366210938,94.31999969482422,9233,HILINFRA,2025-09
2025-09-03 07:10:00+00:00,94.55000305175781,94.55000305175781,94.55000305175781,94.0999984741211,94.25,10586,HILINFRA,2025-09
2025-09-03 07:15:00+00:00,94.55999755859375,94.55999755859375,94.6500015258789,94.44999694824219,94.51000213623047,7090,HILINFRA,2025-09
2025-09-03 07:20:00+00:00,94.43000030517578,94.43000030517578,94.5199966430664,94.30999755859375,94.5,3246,HILINFRA,2025-09
2025-09-03 07:25:00+00:00,94.1500015258789,94.1500015258789,94.43000030517578,94.1500015258789,94.43000030517578,5841,HILINFRA,2025-09
2025-09-03 07:30:00+00:00,94.25,94.25,94.25,94.12999725341797,94.1500015258789,1641,HILINFRA,2025-09
2025-09-03 07:35:00+00:00,94.2699966430664,94.2699966430664,94.2699966430664,94.13999938964844,94.25,851,HILINFRA,2025-09
2025-09-03 07:40:00+00:00,94.19999694824219,94.19999694824219,94.30000305175781,94.19999694824219,94.25,549,HILINFRA,2025-09
2025-09-03 07:45:00+00:00,94.19999694824219,94.19999694824219,94.29000091552734,94.19000244140625,94.19000244140625,550,HILINFRA,2025-09
2025-09-03 07:50:00+00:00,94.19999694824219,94.19999694824219,94.43000030517578,94.0199966430664,94.29000091552734,4282,HILINFRA,2025-09
2025-09-03 07:55:00+00:00,94.13999938964844,94.13999938964844,94.31999969482422,94.0199966430664,94.19999694824219,10342,HILINFRA,2025-09
2025-09-03 08:00:00+00:00,94.13999938964844,94.13999938964844,94.26000213623047,94.13999938964844,94.13999938964844,1049,HILINFRA,2025-09
2025-09-03 08:05:00+00:00,94.16000366210938,94.16000366210938,94.19999694824219,94.0199966430664,94.04000091552734,5410,HILINFRA,2025-09
2025-09-03 08:10:00+00:00,94.19999694824219,94.19999694824219,94.23999786376953,94.05999755859375,94.16000366210938,2341,HILINFRA,2025-09
2025-09-03 08:15:00+00:00,94.08999633789062,94.08999633789062,94.23999786376953,94.08000183105469,94.08000183105469,1510,HILINFRA,2025-09
2025-09-03 08:20:00+00:00,94.0,94.0,94.23999786376953,93.8499984741211,94.08999633789062,20917,HILINFRA,2025-09
2025-09-03 08:25:00+00:00,94.01000213623047,94.01000213623047,94.19000244140625,93.80999755859375,93.87999725341797,13429,HILINFRA,2025-09
2025-09-03 08:30:00+00:00,93.97000122070312,93.97000122070312,94.0999984741211,93.87000274658203,94.01000213623047,12810,HILINFRA,2025-09
2025-09-03 08:35:00+00:00,93.66999816894531,93.66999816894531,93.95999908447266,93.66000366210938,93.86000061035156,4026,HILINFRA,2025-09
2025-09-03 08:40:00+00:00,93.9000015258789,93.9000015258789,94.02999877929688,93.68000030517578,93.68000030517578,3281,HILINFRA,2025-09
2025-09-03 08:45:00+00:00,94.0999984741211,94.0999984741211,94.0999984741211,94.0,94.0,2705,HILINFRA,2025-09
2025-09-03 08:50:00+00:00,94.0999984741211,94.0999984741211,94.1500015258789,94.0,94.0999984741211,3397,HILINFRA,2025-09
2025-09-03 08:55:00+00:00,94.18000030517578,94.18000030517578,94.19999694824219,94.0999984741211,94.0999984741211,1221,HILINFRA,2025-09
2025-09-03 09:00:00+00:00,94.0,94.0,94.18000030517578,93.93000030517578,94.18000030517578,5177,HILINFRA,2025-09
2025-09-03 09:05:00+00:00,93.8499984741211,93.8499984741211,94.16000366210938,93.8499984741211,94.0999984741211,3454,HILINFRA,2025-09
2025-09-03 09:10:00+00:00,94.0,94.0,94.0,93.83000183105469,94.0,2190,HILINFRA,2025-09
2025-09-03 09:15:00+00:00,94.05999755859375,94.05999755859375,94.0999984741211,94.0,94.0,7841,HILINFRA,2025-09
2025-09-03 09:20:00+00:00,94.06999969482422,94.06999969482422,94.13999938964844,94.05000305175781,94.05999755859375,3425,HILINFRA,2025-09
2025-09-03 09:25:00+00:00,94.13999938964844,94.13999938964844,94.1500015258789,94.0,94.06999969482422,5358,HILINFRA,2025-09
2025-09-03 09:30:00+00:00,94.0999984741211,94.0999984741211,94.1500015258789,93.66000366210938,94.01000213623047,9139,HILINFRA,2025-09
2025-09-03 09:35:00+00:00,93.95999908447266,93.95999908447266,94.1500015258789,93.83999633789062,94.0999984741211,10222,HILINFRA,2025-09
2025-09-03 09:40:00+00:00,94.0199966430664,94.0199966430664,94.7699966430664,94.01000213623047,94.7699966430664,41558,HILINFRA,2025-09
2025-09-03 09:45:00+00:00,93.80000305175781,93.80000305175781,94.2699966430664,93.72000122070312,94.0199966430664,20862,HILINFRA,2025-09
2025-09-03 09:50:00+00:00,93.69999694824219,93.69999694824219,93.9000015258789,93.5,93.54000091552734,11185,HILINFRA,2025-09
2025-09-03 09:55:00+00:00,94.08999633789062,94.08999633789062,94.0999984741211,93.52999877929688,93.69999694824219,26588,HILINFRA,2025-09
2025-09-04 03:45:00+00:00,95.4000015258789,95.4000015258789,96.98999786376953,95.16000366210938,95.80000305175781,118852,HILINFRA,2025-09
2025-09-04 03:50:00+00:00,94.62000274658203,94.62000274658203,95.44999694824219,94.52999877929688,95.44999694824219,26194,HILINFRA,2025-09
2025-09-04 03:55:00+00:00,94.77999877929688,94.77999877929688,94.80000305175781,94.37000274658203,94.70999908447266,19337,HILINFRA,2025-09
2025-09-04 04:00:00+00:00,94.5999984741211,94.5999984741211,94.79000091552734,94.51000213623047,94.76000213623047,7862,HILINFRA,2025-09
2025-09-04 04:05:00+00:00,94.12000274658203,94.12000274658203,94.62000274658203,94.04000091552734,94.5999984741211,23125,HILINFRA,2025-09
2025-09-04 04:10:00+00:00,94.63999938964844,94.63999938964844,94.6500015258789,93.98999786376953,94.31999969482422,17597,HILINFRA,2025-09
2025-09-04 04:15:00+00:00,94.5,94.5,94.69000244140625,94.48999786376953,94.52999877929688,10987,HILINFRA,2025-09
2025-09-04 04:20:00+00:00,94.51000213623047,94.51000213623047,94.62999725341797,94.5,94.5,5369,HILINFRA,2025-09
2025-09-04 04:25:00+00:00,94.38999938964844,94.38999938964844,94.5199966430664,94.05000305175781,94.5199966430664,12491,HILINFRA,2025-09
2025-09-04 04:30:00+00:00,94.08999633789062,94.08999633789062,94.38999938964844,94.08000183105469,94.38999938964844,3189,HILINFRA,2025-09
2025-09-04 04:35:00+00:00,94.6500015258789,94.6500015258789,94.69999694824219,94.01000213623047,94.01000213623047,12584,HILINFRA,2025-09
2025-09-04 04:40:00+00:00,94.75,94.75,94.9000015258789,94.61000061035156,94.61000061035156,5756,HILINFRA,2025-09
2025-09-04 04:45:00+00:00,94.62999725341797,94.62999725341797,94.91000366210938,94.61000061035156,94.9000015258789,6692,HILINFRA,2025-09
2025-09-04 04:50:00+00:00,94.62000274658203,94.62000274658203,94.7300033569336,94.5,94.62999725341797,2658,HILINFRA,2025-09
2025-09-04 04:55:00+00:00,94.5,94.5,94.76000213623047,94.5,94.62000274658203,6847,HILINFRA,2025-09
2025-09-04 05:00:00+00:00,94.20999908447266,94.20999908447266,94.61000061035156,94.12000274658203,94.5,11045,HILINFRA,2025-09
2025-09-04 05:05:00+00:00,94.22000122070312,94.22000122070312,94.51000213623047,94.11000061035156,94.11000061035156,2294,HILINFRA,2025-09
2025-09-04 05:10:00+00:00,93.80000305175781,93.80000305175781,94.3499984741211,93.80000305175781,94.20999908447266,19506,HILINFRA,2025-09
2025-09-04 05:15:00+00:00,94.16000366210938,94.16000366210938,94.20999908447266,93.80000305175781,93.80000305175781,2756,HILINFRA,2025-09
2025-09-04 05:20:00+00:00,94.20999908447266,94.20999908447266,94.30999755859375,94.16000366210938,94.16000366210938,8540,HILINFRA,2025-09
2025-09-04 05:25:00+00:00,94.16999816894531,94.16999816894531,94.20999908447266,94.06999969482422,94.20999908447266,548,HILINFRA,2025-09
2025-09-04 05:30:00+00:00,94.18000030517578,94.18000030517578,94.18000030517578,94.05000305175781,94.16999816894531,1078,HILINFRA,2025-09
2025-09-04 05:35:00+00:00,94.05999755859375,94.05999755859375,94.18000030517578,94.0199966430664,94.18000030517578,2313,HILINFRA,2025-09
2025-09-04 05:40:00+00:00,94.19000244140625,94.19000244140625,94.20999908447266,94.01000213623047,94.19999694824219,5775,HILINFRA,2025-09
2025-09-04 05:45:00+00:00,94.18000030517578,94.18000030517578,94.19999694824219,94.0,94.19999694824219,2926,HILINFRA,2025-09
2025-09-04 05:50:00+00:00,94.0,94.0,94.19000244140625,94.0,94.18000030517578,4468,HILINFRA,2025-09
2025-09-04 05:55:00+00:00,94.16999816894531,94.16999816894531,94.19999694824219,94.04000091552734,94.05999755859375,1213,HILINFRA,2025-09
2025-09-04 06:00:00+00:00,94.3499984741211,94.3499984741211,94.3499984741211,94.16999816894531,94.16999816894531,2038,HILINFRA,2025-09
2025-09-04 06:05:00+00:00,94.25,94.25,94.33000183105469,94.16000366210938,94.33000183105469,2550,HILINFRA,2025-09
2025-09-04 06:10:00+00:00,94.2699966430664,94.2699966430664,94.33000183105469,94.11000061035156,94.16000366210938,1697,HILINFRA,2025-09
2025-09-04 06:15:00+00:00,94.0999984741211,94.0999984741211,94.29000091552734,94.0999984741211,94.29000091552734,2398,HILINFRA,2025-09
2025-09-04 06:20:00+00:00,94.05999755859375,94.05999755859375,94.33999633789062,94.05999755859375,94.0999984741211,2449,HILINFRA,2025-09
2025-09-04 06:25:00+00:00,94.05000305175781,94.05000305175781,94.19999694824219,94.0,94.19999694824219,2503,HILINFRA,2025-09
2025-09-04 06:30:00+00:00,94.06999969482422,94.06999969482422,94.19999694824219,94.05000305175781,94.05000305175781,1504,HILINFRA,2025-09
2025-09-04 06:35:00+00:00,94.0199966430664,94.0199966430664,94.19000244140625,94.0199966430664,94.12999725341797,746,HILINFRA,2025-09
2025-09-04 06:40:00+00:00,94.1500015258789,94.1500015258789,94.19000244140625,94.0,94.0199966430664,9842,HILINFRA,2025-09
2025-09-04 06:45:00+00:00,94.0,94.0,94.16999816894531,94.0,94.0199966430664,1611,HILINFRA,2025-09
2025-09-04 06:50:00+00:00,93.80000305175781,93.80000305175781,94.0,93.69999694824219,94.0,10408,HILINFRA,2025-09
2025-09-04 06:55:00+00:00,93.68000030517578,93.68000030517578,93.75,93.68000030517578,93.69999694824219,1680,HILINFRA,2025-09
2025-09-04 07:00:00+00:00,93.44000244140625,93.44000244140625,93.69000244140625,93.26000213623047,93.68000030517578,21252,HILINFRA,2025-09
2025-09-04 07:05:00+00:00,93.54000091552734,93.54000091552734,93.54000091552734,93.33000183105469,93.33000183105469,1593,HILINFRA,2025-09
2025-09-04 07:10:00+00:00,93.58000183105469,93.58000183105469,93.58000183105469,93.44999694824219,93.54000091552734,2101,HILINFRA,2025-09
2025-09-04 07:15:00+00:00,93.5,93.5,93.58999633789062,93.44999694824219,93.58999633789062,2503,HILINFRA,2025-09
2025-09-04 07:20:00+00:00,93.44999694824219,93.44999694824219,93.54000091552734,93.4000015258789,93.5,1178,HILINFRA,2025-09
2025-09-04 07:25:00+00:00,93.54000091552734,93.54000091552734,93.54000091552734,93.37000274658203,93.44999694824219,1787,HILINFRA,2025-09
2025-09-04 07:30:00+00:00,93.5,93.5,93.5999984741211,93.4000015258789,93.54000091552734,1733,HILINFRA,2025-09
2025-09-04 07:35:00+00:00,93.52999877929688,93.52999877929688,93.58999633789062,93.4000015258789,93.5,2543,HILINFRA,2025-09
2025-09-04 07:40:00+00:00,93.55000305175781,93.55000305175781,93.62000274658203,93.3499984741211,93.58000183105469,0,HILINFRA,2025-09
2025-09-04 07:45:00+00:00,93.47000122070312,93.47000122070312,93.5,93.3499984741211,93.5,835,HILINFRA,2025-09
2025-09-04 07:50:00+00:00,93.48999786376953,93.48999786376953,93.55000305175781,93.36000061035156,93.36000061035156,2683,HILINFRA,2025-09
2025-09-04 07:55:00+00:00,93.54000091552734,93.54000091552734,93.7699966430664,93.54000091552734,93.54000091552734,2249,HILINFRA,2025-09
2025-09-04 08:00:00+00:00,93.56999969482422,93.56999969482422,93.77999877929688,93.56999969482422,93.63999938964844,4919,HILINFRA,2025-09
2025-09-04 08:05:00+00:00,93.55000305175781,93.55000305175781,93.69999694824219,93.55000305175781,93.69999694824219,602,HILINFRA,2025-09
2025-09-04 08:10:00+00:00,93.51000213623047,93.51000213623047,93.63999938964844,93.51000213623047,93.55000305175781,392,HILINFRA,2025-09
2025-09-04 08:15:00+00:00,93.55000305175781,93.55000305175781,93.68000030517578,93.44999694824219,93.51000213623047,4868,HILINFRA,2025-09
2025-09-04 08:20:00+00:00,93.69000244140625,93.69000244140625,93.69000244140625,93.44999694824219,93.44999694824219,915,HILINFRA,2025-09
2025-09-04 08:25:00+00:00,93.54000091552734,93.54000091552734,93.66000366210938,93.48999786376953,93.48999786376953,1256,HILINFRA,2025-09
2025-09-04 08:30:00+00:00,93.66000366210938,93.66000366210938,93.72000122070312,93.52999877929688,93.55000305175781,3772,HILINFRA,2025-09
2025-09-04 08:35:00+00:00,93.45999908447266,93.45999908447266,93.62000274658203,93.45999908447266,93.62000274658203,2791,HILINFRA,2025-09
2025-09-04 08:40:00+00:00,93.3499984741211,93.3499984741211,93.45999908447266,93.3499984741211,93.45999908447266,860,HILINFRA,2025-09
2025-09-04 08:45:00+00:00,93.19999694824219,93.19999694824219,93.4000015258789,93.12000274658203,93.4000015258789,8995,HILINFRA,2025-09
2025-09-04 08:50:00+00:00,93.26000213623047,93.26000213623047,93.2699966430664,93.12000274658203,93.20999908447266,6349,HILINFRA,2025-09
2025-09-04 08:55:00+00:00,93.25,93.25,93.37999725341797,93.12000274658203,93.12999725341797,1964,HILINFRA,2025-09
2025-09-04 09:00:00+00:00,93.30000305175781,93.30000305175781,93.37000274658203,93.12000274658203,93.37000274658203,2453,HILINFRA,2025-09
2025-09-04 09:05:00+00:00,93.4000015258789,93.4000015258789,93.4000015258789,93.26000213623047,93.30000305175781,2233,HILINFRA,2025-09
2025-09-04 09:10:00+00:00,93.5999984741211,93.5999984741211,93.91999816894531,93.30999755859375,93.4000015258789,32054,HILINFRA,2025-09
2025-09-04 09:15:00+00:00,93.66999816894531,93.66999816894531,93.72000122070312,93.51000213623047,93.72000122070312,2224,HILINFRA,2025-09
2025-09-04 09:20:00+00:00,93.5,93.5,93.6500015258789,93.44999694824219,93.6500015258789,1248,HILINFRA,2025-09
2025-09-04 09:25:00+00:00,93.5199966430664,93.5199966430664,93.52999877929688,93.41000366210938,93.43000030517578,2931,HILINFRA,2025-09
2025-09-04 09:30:00+00:00,93.43000030517578,93.43000030517578,93.5199966430664,93.36000061035156,93.4000015258789,3281,HILINFRA,2025-09
2025-09-04 09:35:00+00:00,93.62999725341797,93.62999725341797,93.62999725341797,93.30000305175781,93.43000030517578,25679,HILINFRA,2025-09
2025-09-04 09:40:00+00:00,93.38999938964844,93.38999938964844,93.83000183105469,93.27999877929688,93.55999755859375,14378,HILINFRA,2025-09
2025-09-04 09:45:00+00:00,92.6500015258789,92.6500015258789,93.30000305175781,92.48999786376953,93.30000305175781,57034,HILINFRA,2025-09
2025-09-04 09:50:00+00:00,92.44999694824219,92.44999694824219,92.63999938964844,92.30000305175781,92.63999938964844,14973,HILINFRA,2025-09
2025-09-04 09:55:00+00:00,92.61000061035156,92.61000061035156,93.48999786376953,92.30000305175781,92.30000305175781,21608,HILINFRA,2025-09
2025-09-05 03:45:00+00:00,92.80999755859375,92.80999755859375,93.80999755859375,92.80999755859375,93.79000091552734,0,HILINFRA,2025-09
2025-09-05 03:50:00+00:00,92.5199966430664,92.5199966430664,92.77999877929688,92.5,92.73999786376953,6773,HILINFRA,2025-09
2025-09-05 03:55:00+00:00,92.36000061035156,92.36000061035156,92.55000305175781,92.36000061035156,92.41000366210938,15395,HILINFRA,2025-09
2025-09-05 04:00:00+00:00,92.4000015258789,92.4000015258789,92.47000122070312,92.27999877929688,92.3499984741211,6650,HILINFRA,2025-09
2025-09-05 04:05:00+00:00,92.0,92.0,92.52999877929688,91.95999908447266,92.47000122070312,42020,HILINFRA,2025-09
2025-09-05 04:10:00+00:00,91.8499984741211,91.8499984741211,92.0999984741211,91.8499984741211,92.0999984741211,7669,HILINFRA,2025-09
2025-09-05 04:15:00+00:00,91.86000061035156,91.86000061035156,92.23999786376953,91.80000305175781,91.8499984741211,17084,HILINFRA,2025-09
2025-09-05 04:20:00+00:00,92.4800033569336,92.4800033569336,92.4800033569336,92.02999877929688,92.08999633789062,7419,HILINFRA,2025-09
2025-09-05 04:25:00+00:00,92.36000061035156,92.36000061035156,92.4800033569336,92.19000244140625,92.4800033569336,15485,HILINFRA,2025-09
2025-09-05 04:30:00+00:00,92.4000015258789,92.4000015258789,92.44999694824219,92.20999908447266,92.36000061035156,2522,HILINFRA,2025-09
2025-09-05 04:35:00+00:00,92.30000305175781,92.30000305175781,92.4000015258789,92.12999725341797,92.27999877929688,12620,HILINFRA,2025-09
2025-09-05 04:40:00+00:00,91.58999633789062,91.58999633789062,92.30000305175781,91.58999633789062,92.27999877929688,17598,HILINFRA,2025-09
2025-09-05 04:45:00+00:00,91.5,91.5,91.72000122070312,91.5,91.69000244140625,12675,HILINFRA,2025-09
2025-09-05 04:50:00+00:00,91.54000091552734,91.54000091552734,91.55000305175781,91.30999755859375,91.37999725341797,5075,HILINFRA,2025-09
2025-09-05 04:55:00+00:00,91.55000305175781,91.55000305175781,91.62000274658203,91.3499984741211,91.5,10380,HILINFRA,2025-09
2025-09-05 05:00:00+00:00,91.5999984741211,91.5999984741211,91.69000244140625,91.5199966430664,91.5199966430664,6828,HILINFRA,2025-09
2025-09-05 05:05:00+00:00,91.69000244140625,91.69000244140625,91.80000305175781,91.5999984741211,91.5999984741211,2301,HILINFRA,2025-09
2025-09-05 05:10:00+00:00,91.79000091552734,91.79000091552734,91.83999633789062,91.5999984741211,91.69999694824219,5016,HILINFRA,2025-09
2025-09-05 05:15:00+00:00,91.75,91.75,91.80000305175781,91.61000061035156,91.79000091552734,2855,HILINFRA,2025-09
2025-09-05 05:20:00+00:00,91.62000274658203,91.62000274658203,91.7699966430664,91.55000305175781,91.6500015258789,2095,HILINFRA,2025-09
2025-09-05 05:25:00+00:00,91.4000015258789,91.4000015258789,91.62000274658203,91.3499984741211,91.61000061035156,4157,HILINFRA,2025-09
2025-09-05 05:30:00+00:00,91.44999694824219,91.44999694824219,91.4800033569336,91.37000274658203,91.4800033569336,1798,HILINFRA,2025-09
2025-09-05 05:35:00+00:00,91.56999969482422,91.56999969482422,91.61000061035156,91.41999816894531,91.44999694824219,1279,HILINFRA,2025-09
2025-09-05 05:40:00+00:00,91.44000244140625,91.44000244140625,91.6500015258789,91.37999725341797,91.5999984741211,4856,HILINFRA,2025-09
2025-09-05 05:45:00+00:00,91.30999755859375,91.30999755859375,91.44999694824219,91.30000305175781,91.37000274658203,6193,HILINFRA,2025-09
2025-09-05 05:50:00+00:00,91.38999938964844,91.38999938964844,91.4000015258789,91.30999755859375,91.38999938964844,1396,HILINFRA,2025-09
2025-09-05 05:55:00+00:00,91.29000091552734,91.29000091552734,91.37999725341797,91.0999984741211,91.37999725341797,8467,HILINFRA,2025-09
2025-09-05 06:00:00+00:00,91.29000091552734,91.29000091552734,91.29000091552734,91.16000366210938,91.16999816894531,3552,HILINFRA,2025-09
2025-09-05 06:05:00+00:00,91.29000091552734,91.29000091552734,91.29000091552734,91.18000030517578,91.19000244140625,2321,HILINFRA,2025-09
2025-09-05 06:10:00+00:00,91.18000030517578,91.18000030517578,91.27999877929688,91.18000030517578,91.19999694824219,1951,HILINFRA,2025-09
2025-09-05 06:15:00+00:00,91.0,91.0,91.19000244140625,90.91000366210938,91.13999938964844,18536,HILINFRA,2025-09
2025-09-05 06:20:00+00:00,91.01000213623047,91.01000213623047,91.13999938964844,91.0,91.01000213623047,9299,HILINFRA,2025-09
2025-09-05 06:25:00+00:00,91.19999694824219,91.19999694824219,91.30000305175781,91.01000213623047,91.0999984741211,6754,HILINFRA,2025-09
2025-09-05 06:30:00+00:00,91.05999755859375,91.05999755859375,91.27999877929688,91.05999755859375,91.19000244140625,5952,HILINFRA,2025-09
2025-09-05 06:35:00+00:00,91.11000061035156,91.11000061035156,91.31999969482422,91.05999755859375,91.19000244140625,3892,HILINFRA,2025-09
2025-09-05 06:40:00+00:00,91.22000122070312,91.22000122070312,91.23999786376953,91.12000274658203,91.23999786376953,230,HILINFRA,2025-09
2025-09-05 06:45:00+00:00,91.12999725341797,91.12999725341797,91.2300033569336,91.12000274658203,91.12000274658203,845,HILINFRA,2025-09
2025-09-05 06:50:00+00:00,91.25,91.25,91.3499984741211,91.12999725341797,91.12999725341797,5791,HILINFRA,2025-09
2025-09-05 06:55:00+00:00,91.19999694824219,91.19999694824219,91.25,91.08999633789062,91.25,3614,HILINFRA,2025-09
2025-09-05 07:00:00+00:00,91.1500015258789,91.1500015258789,91.19999694824219,91.05999755859375,91.18000030517578,2542,HILINFRA,2025-09
2025-09-05 07:05:00+00:00,91.1500015258789,91.1500015258789,91.1500015258789,90.94999694824219,91.06999969482422,22683,HILINFRA,2025-09
2025-09-05 07:10:00+00:00,91.12999725341797,91.12999725341797,91.23999786376953,91.0199966430664,91.08999633789062,2179,HILINFRA,2025-09
2025-09-05 07:15:00+00:00,91.08999633789062,91.08999633789062,91.19999694824219,91.01000213623047,91.0999984741211,3590,HILINFRA,2025-09
2025-09-05 07:20:00+00:00,91.11000061035156,91.11000061035156,91.12999725341797,91.0,91.0,5543,HILINFRA,2025-09
2025-09-05 07:25:00+00:00,91.19999694824219,91.19999694824219,91.19999694824219,91.0,91.11000061035156,4784,HILINFRA,2025-09
2025-09-05 07:30:00+00:00,91.31999969482422,91.31999969482422,91.37999725341797,91.19999694824219,91.19999694824219,3035,HILINFRA,2025-09
2025-09-05 07:35:00+00:00,91.25,91.25,91.3499984741211,91.19999694824219,91.3499984741211,2294,HILINFRA,2025-09
2025-09-05 07:40:00+00:00,91.19999694824219,91.19999694824219,91.25,91.0999984741211,91.19999694824219,3608,HILINFRA,2025-09
2025-09-05 07:45:00+00:00,91.3499984741211,91.3499984741211,91.3499984741211,91.20999908447266,91.20999908447266,3714,HILINFRA,2025-09
2025-09-05 07:50:00+00:00,91.30000305175781,91.30000305175781,91.30000305175781,91.25,91.30000305175781,3909,HILINFRA,2025-09
2025-09-05 07:55:00+00:00,91.30000305175781,91.30000305175781,91.30000305175781,91.23999786376953,91.30000305175781,2037,HILINFRA,2025-09
2025-09-05 08:00:00+00:00,91.30000305175781,91.30000305175781,91.30000305175781,91.25,91.30000305175781,1058,HILINFRA,2025-09
2025-09-05 08:05:00+00:00,91.30000305175781,91.30000305175781,91.30000305175781,91.20999908447266,91.30000305175781,2990,HILINFRA,2025-09
2025-09-05 08:10:00+00:00,90.95999908447266,90.95999908447266,91.3499984741211,90.95999908447266,91.3499984741211,22935,HILINFRA,2025-09
2025-09-05 08:15:00+00:00,90.9000015258789,90.9000015258789,91.05999755859375,90.80999755859375,91.02999877929688,21799,HILINFRA,2025-09
2025-09-05 08:20:00+00:00,91.0,91.0,91.0,90.9000015258789,90.94999694824219,5899,HILINFRA,2025-09
2025-09-05 08:25:00+00:00,90.86000061035156,90.86000061035156,91.0,90.80000305175781,91.0,3468,HILINFRA,2025-09
2025-09-05 08:30:00+00:00,90.93000030517578,90.93000030517578,90.94000244140625,90.9000015258789,90.93000030517578,2865,HILINFRA,2025-09
2025-09-05 08:35:00+00:00,90.94000244140625,90.94000244140625,90.94000244140625,90.83999633789062,90.86000061035156,3792,HILINFRA,2025-09
2025-09-05 08:40:00+00:00,90.94000244140625,90.94000244140625,90.94000244140625,90.91000366210938,90.91000366210938,5046,HILINFRA,2025-09
2025-09-05 08:45:00+00:00,91.0,91.0,91.0,90.91000366210938,90.94000244140625,2021,HILINFRA,2025-09
2025-09-05 08:50:00+00:00,90.97000122070312,90.97000122070312,91.0,90.9000015258789,91.0,5116,HILINFRA,2025-09
2025-09-05 08:55:00+00:00,90.98999786376953,90.98999786376953,90.98999786376953,90.9000015258789,90.97000122070312,1966,HILINFRA,2025-09
2025-09-05 09:00:00+00:00,90.97000122070312,90.97000122070312,91.0,90.9000015258789,90.98999786376953,4641,HILINFRA,2025-09
2025-09-05 09:05:00+00:00,91.01000213623047,91.01000213623047,91.06999969482422,90.97000122070312,90.97000122070312,9079,HILINFRA,2025-09
2025-09-05 09:10:00+00:00,91.05999755859375,91.05999755859375,91.08999633789062,91.01000213623047,91.06999969482422,2327,HILINFRA,2025-09
2025-09-05 09:15:00+00:00,90.9800033569336,90.9800033569336,91.08999633789062,90.9000015258789,91.06999969482422,19465,HILINFRA,2025-09
2025-09-05 09:20:00+00:00,90.98999786376953,90.98999786376953,90.98999786376953,90.9000015258789,90.9800033569336,5056,HILINFRA,2025-09
2025-09-05 09:25:00+00:00,90.70999908447266,90.70999908447266,90.9800033569336,90.70999908447266,90.91999816894531,7581,HILINFRA,2025-09
2025-09-05 09:30:00+00:00,90.80999755859375,90.80999755859375,90.80999755859375,90.69000244140625,90.80000305175781,5829,HILINFRA,2025-09
2025-09-05 09:35:00+00:00,91.0,91.0,91.0,90.75,90.88999938964844,31906,HILINFRA,2025-09
2025-09-05 09:40:00+00:00,90.75,90.75,90.88999938964844,90.58000183105469,90.88999938964844,5904,HILINFRA,2025-09
2025-09-05 09:45:00+00:00,90.69999694824219,90.69999694824219,90.75,90.5199966430664,90.5199966430664,11194,HILINFRA,2025-09
2025-09-05 09:50:00+00:00,90.66999816894531,90.66999816894531,90.77999877929688,90.5999984741211,90.62000274658203,21774,HILINFRA,2025-09
2025-09-05 09:55:00+00:00,90.94000244140625,90.94000244140625,91.0,90.61000061035156,90.66000366210938,21840,HILINFRA,2025-09
2025-09-08 03:45:00+00:00,90.83999633789062,90.83999633789062,91.47000122070312,90.7300033569336,90.7699966430664,0,HILINFRA,2025-09
2025-09-08 03:50:00+00:00,88.83000183105469,88.83000183105469,90.86000061035156,88.83000183105469,90.86000061035156,74902,HILINFRA,2025-09
2025-09-08 03:55:00+00:00,87.29000091552734,87.29000091552734,88.9000015258789,86.16999816894531,88.9000015258789,314186,HILINFRA,2025-09
2025-09-08 04:00:00+00:00,86.5,86.5,87.48999786376953,86.0,87.29000091552734,124196,HILINFRA,2025-09
2025-09-08 04:05:00+00:00,85.76000213623047,85.76000213623047,86.5,85.58999633789062,86.5,166090,HILINFRA,2025-09
2025-09-08 04:10:00+00:00,86.4000015258789,86.4000015258789,86.4000015258789,85.8499984741211,86.08000183105469,72921,HILINFRA,2025-09
2025-09-08 04:15:00+00:00,85.94999694824219,85.94999694824219,86.4000015258789,85.44999694824219,86.37999725341797,117870,HILINFRA,2025-09
2025-09-08 04:20:00+00:00,85.98999786376953,85.98999786376953,85.98999786376953,85.6500015258789,85.9000015258789,45882,HILINFRA,2025-09
2025-09-08 04:25:00+00:00,85.73999786376953,85.73999786376953,86.0,85.70999908447266,85.91000366210938,31056,HILINFRA,2025-09
2025-09-08 04:30:00+00:00,85.87999725341797,85.87999725341797,85.9000015258789,85.66999816894531,85.73999786376953,19973,HILINFRA,2025-09
2025-09-08 04:35:00+00:00,86.06999969482422,86.06999969482422,86.19000244140625,85.87999725341797,85.87999725341797,102179,HILINFRA,2025-09
2025-09-08 04:40:00+00:00,86.19000244140625,86.19000244140625,86.19000244140625,86.04000091552734,86.08000183105469,14548,HILINFRA,2025-09
2025-09-08 04:45:00+00:00,85.98999786376953,85.98999786376953,86.29000091552734,85.9000015258789,86.16999816894531,26192,HILINFRA,2025-09
2025-09-08 04:50:00+00:00,86.08000183105469,86.08000183105469,86.12999725341797,85.91999816894531,85.98999786376953,9354,HILINFRA,2025-09
2025-09-08 04:55:00+00:00,86.26000213623047,86.26000213623047,86.29000091552734,86.0,86.01000213623047,43452,HILINFRA,2025-09
2025-09-08 05:00:00+00:00,86.30000305175781,86.30000305175781,86.30000305175781,86.19000244140625,86.27999877929688,40952,HILINFRA,2025-09
2025-09-08 05:05:00+00:00,86.16000366210938,86.16000366210938,86.29000091552734,86.0199966430664,86.25,21637,HILINFRA,2025-09
2025-09-08 05:10:00+00:00,86.18000030517578,86.18000030517578,86.2699966430664,86.05000305175781,86.2699966430664,6494,HILINFRA,2025-09
2025-09-08 05:15:00+00:00,86.19000244140625,86.19000244140625,86.20999908447266,86.0999984741211,86.20999908447266,7660,HILINFRA,2025-09
2025-09-08 05:20:00+00:00,86.38999938964844,86.38999938964844,86.38999938964844,86.19000244140625,86.19000244140625,14525,HILINFRA,2025-09
2025-09-08 05:25:00+00:00,86.29000091552734,86.29000091552734,86.38999938964844,86.16999816894531,86.38999938964844,19246,HILINFRA,2025-09
2025-09-08 05:30:00+00:00,86.05999755859375,86.05999755859375,86.30999755859375,86.05999755859375,86.30999755859375,24629,HILINFRA,2025-09
2025-09-08 05:35:00+00:00,86.05000305175781,86.05000305175781,86.19000244140625,85.9000015258789,86.19000244140625,22263,HILINFRA,2025-09
2025-09-08 05:40:00+00:00,86.08999633789062,86.08999633789062,86.16000366210938,85.94999694824219,86.05000305175781,8534,HILINFRA,2025-09
2025-09-08 05:45:00+00:00,86.05999755859375,86.05999755859375,86.18000030517578,86.02999877929688,86.02999877929688,4196,HILINFRA,2025-09
2025-09-08 05:50:00+00:00,86.19999694824219,86.19999694824219,86.19999694824219,86.0999984741211,86.0999984741211,15245,HILINFRA,2025-09
2025-09-08 05:55:00+00:00,86.1500015258789,86.1500015258789,86.19999694824219,86.0999984741211,86.1500015258789,17880,HILINFRA,2025-09
2025-09-08 06:00:00+00:00,86.29000091552734,86.29000091552734,86.29000091552734,86.08999633789062,86.1500015258789,8662,HILINFRA,2025-09
2025-09-08 06:05:00+00:00,86.27999877929688,86.27999877929688,86.29000091552734,86.12999725341797,86.19999694824219,7082,HILINFRA,2025-09
2025-09-08 06:10:00+00:00,86.29000091552734,86.29000091552734,86.29000091552734,86.19999694824219,86.29000091552734,12606,HILINFRA,2025-09
2025-09-08 06:15:00+00:00,86.29000091552734,86.29000091552734,86.29000091552734,86.16000366210938,86.29000091552734,30368,HILINFRA,2025-09
2025-09-08 06:20:00+00:00,86.58000183105469,86.58000183105469,86.5999984741211,86.27999877929688,86.29000091552734,54429,HILINFRA,2025-09
2025-09-08 06:25:00+00:00,86.5999984741211,86.5999984741211,86.79000091552734,86.58000183105469,86.58999633789062,34301,HILINFRA,2025-09
2025-09-08 06:30:00+00:00,86.69999694824219,86.69999694824219,86.69999694824219,86.41000366210938,86.5,13361,HILINFRA,2025-09
2025-09-08 06:35:00+00:00,86.75,86.75,86.77999877929688,86.62000274658203,86.69999694824219,12150,HILINFRA,2025-09
2025-09-08 06:40:00+00:00,86.68000030517578,86.68000030517578,86.75,86.5999984741211,86.75,13862,HILINFRA,2025-09
2025-09-08 06:45:00+00:00,86.68000030517578,86.68000030517578,86.75,86.66999816894531,86.69000244140625,10452,HILINFRA,2025-09
2025-09-08 06:50:00+00:00,86.51000213623047,86.51000213623047,86.69000244140625,86.5,86.69000244140625,12091,HILINFRA,2025-09
2025-09-08 06:55:00+00:00,86.73999786376953,86.73999786376953,86.73999786376953,86.5,86.58999633789062,5891,HILINFRA,2025-09
2025-09-08 07:00:00+00:00,86.7300033569336,86.7300033569336,86.79000091552734,86.58000183105469,86.63999938964844,22174,HILINFRA,2025-09
2025-09-08 07:05:00+00:00,86.58000183105469,86.58000183105469,86.79000091552734,86.5,86.77999877929688,12592,HILINFRA,2025-09
2025-09-08 07:10:00+00:00,86.5,86.5,86.58999633789062,86.0999984741211,86.58999633789062,25192,HILINFRA,2025-09
2025-09-08 07:15:00+00:00,86.5,86.5,86.55000305175781,86.38999938964844,86.5,3818,HILINFRA,2025-09
2025-09-08 07:20:00+00:00,86.48999786376953,86.48999786376953,86.5,86.37000274658203,86.5,9922,HILINFRA,2025-09
2025-09-08 07:25:00+00:00,86.43000030517578,86.43000030517578,86.48999786376953,86.25,86.48999786376953,4524,HILINFRA,2025-09
2025-09-08 07:30:00+00:00,86.38999938964844,86.38999938964844,86.48999786376953,86.30000305175781,86.41000366210938,5247,HILINFRA,2025-09
2025-09-08 07:35:00+00:00,86.38999938964844,86.38999938964844,86.47000122070312,86.12000274658203,86.38999938964844,7572,HILINFRA,2025-09
2025-09-08 07:40:00+00:00,86.30000305175781,86.30000305175781,86.4000015258789,86.16000366210938,86.4000015258789,6321,HILINFRA,2025-09
2025-09-08 07:45:00+00:00,86.29000091552734,86.29000091552734,86.30000305175781,86.18000030517578,86.19000244140625,9438,HILINFRA,2025-09
2025-09-08 07:50:00+00:00,86.12999725341797,86.12999725341797,86.19999694824219,86.01000213623047,86.19999694824219,16444,HILINFRA,2025-09
2025-09-08 07:55:00+00:00,86.05999755859375,86.05999755859375,86.12999725341797,85.9000015258789,86.12999725341797,26078,HILINFRA,2025-09
2025-09-08 08:00:00+00:00,86.20999908447266,86.20999908447266,86.38999938964844,86.05000305175781,86.08000183105469,14370,HILINFRA,2025-09
2025-09-08 08:05:00+00:00,86.30000305175781,86.30000305175781,86.37000274658203,86.22000122070312,86.37000274658203,3312,HILINFRA,2025-09
2025-09-08 08:10:00+00:00,86.19999694824219,86.19999694824219,86.31999969482422,86.19999694824219,86.30000305175781,8939,HILINFRA,2025-09
2025-09-08 08:15:00+00:00,86.19999694824219,86.19999694824219,86.30000305175781,86.05999755859375,86.30000305175781,2122,HILINFRA,2025-09
2025-09-08 08:20:00+00:00,86.25,86.25,86.2699966430664,86.11000061035156,86.2300033569336,3514,HILINFRA,2025-09
2025-09-08 08:25:00+00:00,85.80999755859375,85.80999755859375,86.25,85.80999755859375,86.13999938964844,14320,HILINFRA,2025-09
2025-09-08 08:30:00+00:00,85.94000244140625,85.94000244140625,85.98999786376953,85.80000305175781,85.80000305175781,6946,HILINFRA,2025-09
2025-09-08 08:35:00+00:00,85.98999786376953,85.98999786376953,85.98999786376953,85.77999877929688,85.94000244140625,9195,HILINFRA,2025-09
2025-09-08 08:40:00+00:00,85.83000183105469,85.83000183105469,85.98999786376953,85.83000183105469,85.9800033569336,5548,HILINFRA,2025-09
2025-09-08 08:45:00+00:00,85.83999633789062,85.83999633789062,85.91000366210938,85.75,85.91000366210938,2403,HILINFRA,2025-09
2025-09-08 08:50:00+00:00,85.73999786376953,85.73999786376953,85.8499984741211,85.5999984741211,85.83999633789062,12757,HILINFRA,2025-09
2025-09-08 08:55:00+00:00,86.0,86.0,86.0,85.73999786376953,85.73999786376953,18036,HILINFRA,2025-09
2025-09-08 09:00:00+00:00,86.31999969482422,86.31999969482422,86.33999633789062,86.05999755859375,86.30999755859375,4285,HILINFRA,2025-09
2025-09-08 09:05:00+00:00,86.44999694824219,86.44999694824219,86.69000244140625,86.20999908447266,86.20999908447266,41751,HILINFRA,2025-09
2025-09-08 09:10:00+00:00,86.37999725341797,86.37999725341797,86.56999969482422,86.36000061035156,86.47000122070312,5501,HILINFRA,2025-09
2025-09-08 09:15:00+00:00,85.87999725341797,85.87999725341797,86.4000015258789,85.8499984741211,86.38999938964844,32599,HILINFRA,2025-09
2025-09-08 09:20:00+00:00,85.94999694824219,85.94999694824219,86.0,85.83000183105469,85.87999725341797,3602,HILINFRA,2025-09
2025-09-08 09:25:00+00:00,85.75,85.75,85.94000244140625,85.20999908447266,85.91000366210938,97662,HILINFRA,2025-09
2025-09-08 09:30:00+00:00,85.5999984741211,85.5999984741211,85.87999725341797,85.5,85.75,13704,HILINFRA,2025-09
2025-09-08 09:35:00+00:00,86.0999984741211,86.0999984741211,86.0999984741211,85.5199966430664,85.61000061035156,64422,HILINFRA,2025-09
2025-09-08 09:40:00+00:00,85.69999694824219,85.69999694824219,86.12000274658203,85.5199966430664,86.12000274658203,28381,HILINFRA,2025-09
2025-09-08 09:45:00+00:00,85.56999969482422,85.56999969482422,85.97000122070312,85.5,85.69999694824219,41307,HILINFRA,2025-09
2025-09-08 09:50:00+00:00,85.48999786376953,85.48999786376953,85.87000274658203,85.4000015258789,85.72000122070312,68046,HILINFRA,2025-09
2025-09-08 09:55:00+00:00,85.5,85.5,85.72000122070312,85.33999633789062,85.48999786376953,57437,HILINFRA,2025-09
2025-09-09 03:45:00+00:00,85.98999786376953,85.98999786376953,86.63999938964844,85.9000015258789,86.5199966430664,0,HILINFRA,2025-09
2025-09-09 03:50:00+00:00,85.37000274658203,85.37000274658203,86.19000244140625,85.31999969482422,86.0,68779,HILINFRA,2025-09
2025-09-09 03:55:00+00:00,85.22000122070312,85.22000122070312,85.37000274658203,84.8499984741211,85.30000305175781,82794,HILINFRA,2025-09
2025-09-09 04:00:00+00:00,85.22000122070312,85.22000122070312,85.58000183105469,85.05000305175781,85.2300033569336,49446,HILINFRA,2025-09
2025-09-09 04:05:00+00:00,85.94000244140625,85.94000244140625,85.94000244140625,85.13999938964844,85.19999694824219,20822,HILINFRA,2025-09
2025-09-09 04:10:00+00:00,86.97000122070312,86.97000122070312,86.97000122070312,85.94000244140625,85.94000244140625,79078,HILINFRA,2025-09
2025-09-09 04:15:00+00:00,90.0,90.0,90.19000244140625,86.9000015258789,86.9000015258789,194673,HILINFRA,2025-09
2025-09-09 04:20:00+00:00,89.69999694824219,89.69999694824219,89.9800033569336,89.08000183105469,89.80999755859375,160490,HILINFRA,2025-09
2025-09-09 04:25:00+00:00,88.98999786376953,88.98999786376953,91.69999694824219,88.87999725341797,89.56999969482422,294215,HILINFRA,2025-09
2025-09-09 04:30:00+00:00,88.56999969482422,88.56999969482422,89.37000274658203,88.31999969482422,88.87999725341797,111572,HILINFRA,2025-09
2025-09-09 04:35:00+00:00,88.4000015258789,88.4000015258789,88.56999969482422,88.0,88.44000244140625,52680,HILINFRA,2025-09
2025-09-09 04:40:00+00:00,89.08000183105469,89.08000183105469,89.5,88.4000015258789,88.4000015258789,43470,HILINFRA,2025-09
2025-09-09 04:45:00+00:00,88.58999633789062,88.58999633789062,89.30000305175781,88.55999755859375,89.19999694824219,45688,HILINFRA,2025-09
2025-09-09 04:50:00+00:00,88.7300033569336,88.7300033569336,88.9000015258789,88.5,88.66999816894531,18235,HILINFRA,2025-09
2025-09-09 04:55:00+00:00,88.81999969482422,88.81999969482422,88.8499984741211,88.51000213623047,88.7300033569336,9812,HILINFRA,2025-09
2025-09-09 05:00:00+00:00,88.66999816894531,88.66999816894531,88.79000091552734,88.4000015258789,88.79000091552734,8295,HILINFRA,2025-09
2025-09-09 05:05:00+00:00,88.76000213623047,88.76000213623047,88.9000015258789,88.5999984741211,88.66999816894531,8918,HILINFRA,2025-09
2025-09-09 05:10:00+00:00,88.29000091552734,88.29000091552734,88.79000091552734,88.04000091552734,88.79000091552734,31356,HILINFRA,2025-09
2025-09-09 05:15:00+00:00,88.37999725341797,88.37999725341797,88.4000015258789,88.20999908447266,88.29000091552734,11104,HILINFRA,2025-09
2025-09-09 05:20:00+00:00,87.98999786376953,87.98999786376953,88.37999725341797,87.8499984741211,88.37999725341797,25302,HILINFRA,2025-09
2025-09-09 05:25:00+00:00,88.08999633789062,88.08999633789062,88.0999984741211,87.87000274658203,87.87000274658203,26195,HILINFRA,2025-09
2025-09-09 05:30:00+00:00,88.04000091552734,88.04000091552734,88.1500015258789,87.9000015258789,88.0,5382,HILINFRA,2025-09
2025-09-09 05:35:00+00:00,87.81999969482422,87.81999969482422,88.05999755859375,87.70999908447266,87.94999694824219,8488,HILINFRA,2025-09
2025-09-09 05:40:00+00:00,88.0,88.0,88.0999984741211,87.76000213623047,87.93000030517578,13101,HILINFRA,2025-09
2025-09-09 05:45:00+00:00,87.9800033569336,87.9800033569336,88.04000091552734,87.80000305175781,88.01000213623047,5351,HILINFRA,2025-09
2025-09-09 05:50:00+00:00,87.87999725341797,87.87999725341797,87.98999786376953,87.75,87.9800033569336,4945,HILINFRA,2025-09
2025-09-09 05:55:00+00:00,88.0,88.0,88.0,87.86000061035156,87.87999725341797,13283,HILINFRA,2025-09
2025-09-09 06:00:00+00:00,88.0,88.0,88.04000091552734,87.9000015258789,88.0,997,HILINFRA,2025-09
2025-09-09 06:05:00+00:00,88.33999633789062,88.33999633789062,88.4000015258789,88.0,88.0,7613,HILINFRA,2025-09
2025-09-09 06:10:00+00:00,88.26000213623047,88.26000213623047,88.3499984741211,88.11000061035156,88.30999755859375,6988,HILINFRA,2025-09
2025-09-09 06:15:00+00:00,88.25,88.25,88.30000305175781,88.12000274658203,88.26000213623047,3793,HILINFRA,2025-09
2025-09-09 06:20:00+00:00,88.12999725341797,88.12999725341797,88.30000305175781,88.0,88.25,8543,HILINFRA,2025-09
2025-09-09 06:25:00+00:00,88.05000305175781,88.05000305175781,88.23999786376953,87.91000366210938,88.23999786376953,5167,HILINFRA,2025-09
2025-09-09 06:30:00+00:00,88.0999984741211,88.0999984741211,88.12999725341797,87.94999694824219,88.05000305175781,2591,HILINFRA,2025-09
2025-09-09 06:35:00+00:00,88.08000183105469,88.08000183105469,88.0999984741211,87.97000122070312,88.08999633789062,1242,HILINFRA,2025-09
2025-09-09 06:40:00+00:00,87.91000366210938,87.91000366210938,88.0,87.80999755859375,87.87999725341797,2678,HILINFRA,2025-09
2025-09-09 06:45:00+00:00,88.4000015258789,88.4000015258789,88.4000015258789,88.0,88.0,10016,HILINFRA,2025-09
2025-09-09 06:50:00+00:00,88.4800033569336,88.4800033569336,88.4800033569336,88.29000091552734,88.38999938964844,1065,HILINFRA,2025-09
2025-09-09 06:55:00+00:00,88.38999938964844,88.38999938964844,88.5,88.38999938964844,88.4000015258789,5405,HILINFRA,2025-09
2025-09-09 07:00:00+00:00,88.38999938964844,88.38999938964844,88.4000015258789,88.29000091552734,88.3499984741211,2458,HILINFRA,2025-09
2025-09-09 07:05:00+00:00,88.3499984741211,88.3499984741211,88.47000122070312,88.29000091552734,88.47000122070312,2715,HILINFRA,2025-09
2025-09-09 07:10:00+00:00,88.19999694824219,88.19999694824219,88.37000274658203,88.19999694824219,88.3499984741211,1716,HILINFRA,2025-09
2025-09-09 07:15:00+00:00,88.27999877929688,88.27999877929688,88.29000091552734,88.19999694824219,88.27999877929688,1913,HILINFRA,2025-09
2025-09-09 07:20:00+00:00,88.13999938964844,88.13999938964844,88.27999877929688,88.01000213623047,88.27999877929688,5393,HILINFRA,2025-09
2025-09-09 07:25:00+00:00,88.05000305175781,88.05000305175781,88.16000366210938,88.01000213623047,88.13999938964844,2787,HILINFRA,2025-09
2025-09-09 07:30:00+00:00,88.13999938964844,88.13999938964844,88.16000366210938,88.05000305175781,88.16000366210938,1143,HILINFRA,2025-09
2025-09-09 07:35:00+00:00,88.19999694824219,88.19999694824219,88.19999694824219,88.11000061035156,88.1500015258789,1738,HILINFRA,2025-09
2025-09-09 07:40:00+00:00,88.18000030517578,88.18000030517578,88.19999694824219,88.06999969482422,88.19000244140625,3032,HILINFRA,2025-09
2025-09-09 07:45:00+00:00,88.25,88.25,88.25,88.16999816894531,88.18000030517578,5180,HILINFRA,2025-09
2025-09-09 07:50:00+00:00,88.25,88.25,88.25,88.19999694824219,88.25,1875,HILINFRA,2025-09
2025-09-09 07:55:00+00:00,88.30000305175781,88.30000305175781,88.30000305175781,88.18000030517578,88.25,1876,HILINFRA,2025-09
2025-09-09 08:00:00+00:00,88.16000366210938,88.16000366210938,88.30000305175781,88.1500015258789,88.30000305175781,5205,HILINFRA,2025-09
2025-09-09 08:05:00+00:00,88.27999877929688,88.27999877929688,88.27999877929688,88.16000366210938,88.27999877929688,1194,HILINFRA,2025-09
2025-09-09 08:10:00+00:00,87.91999816894531,87.91999816894531,88.29000091552734,87.80999755859375,88.27999877929688,19709,HILINFRA,2025-09
2025-09-09 08:15:00+00:00,87.9800033569336,87.9800033569336,87.9800033569336,87.75,87.9000015258789,6578,HILINFRA,2025-09
2025-09-09 08:20:00+00:00,88.11000061035156,88.11000061035156,88.19999694824219,87.9800033569336,88.0199966430664,4931,HILINFRA,2025-09
2025-09-09 08:25:00+00:00,88.0999984741211,88.0999984741211,88.20999908447266,88.0199966430664,88.0199966430664,5654,HILINFRA,2025-09
2025-09-09 08:30:00+00:00,88.0,88.0,88.0999984741211,87.9800033569336,88.0999984741211,5860,HILINFRA,2025-09
2025-09-09 08:35:00+00:00,88.06999969482422,88.06999969482422,88.22000122070312,88.02999877929688,88.08000183105469,2715,HILINFRA,2025-09
2025-09-09 08:40:00+00:00,88.1500015258789,88.1500015258789,88.22000122070312,88.06999969482422,88.06999969482422,3149,HILINFRA,2025-09
2025-09-09 08:45:00+00:00,88.19999694824219,88.19999694824219,88.2300033569336,88.1500015258789,88.1500015258789,614,HILINFRA,2025-09
2025-09-09 08:50:00+00:00,88.0,88.0,88.2300033569336,88.0,88.22000122070312,5558,HILINFRA,2025-09
2025-09-09 08:55:00+00:00,88.19000244140625,88.19000244140625,88.19999694824219,88.0,88.11000061035156,2157,HILINFRA,2025-09
2025-09-09 09:00:00+00:00,88.05999755859375,88.05999755859375,88.19000244140625,88.05999755859375,88.05999755859375,2094,HILINFRA,2025-09
2025-09-09 09:05:00+00:00,88.19999694824219,88.19999694824219,88.19999694824219,88.0999984741211,88.0999984741211,4470,HILINFRA,2025-09
2025-09-09 09:10:00+00:00,88.11000061035156,88.11000061035156,88.19999694824219,88.0999984741211,88.19999694824219,6278,HILINFRA,2025-09
2025-09-09 09:15:00+00:00,88.19000244140625,88.19000244140625,88.19999694824219,88.0999984741211,88.19000244140625,3657,HILINFRA,2025-09
2025-09-09 09:20:00+00:00,88.19000244140625,88.19000244140625,88.19999694824219,88.0999984741211,88.19000244140625,777,HILINFRA,2025-09
2025-09-09 09:25:00+00:00,88.0199966430664,88.0199966430664,88.19000244140625,88.0199966430664,88.0999984741211,3242,HILINFRA,2025-09
2025-09-09 09:30:00+00:00,88.0,88.0,88.12000274658203,87.9000015258789,88.05000305175781,9983,HILINFRA,2025-09
2025-09-09 09:35:00+00:00,87.87999725341797,87.87999725341797,88.19999694824219,87.83999633789062,88.05000305175781,25634,HILINFRA,2025-09
2025-09-09 09:40:00+00:00,88.19999694824219,88.19999694824219,88.73999786376953,88.19999694824219,88.62999725341797,73280,HILINFRA,2025-09
2025-09-09 09:45:00+00:00,87.75,87.75,88.31999969482422,87.75,88.30999755859375,42212,HILINFRA,2025-09
2025-09-09 09:50:00+00:00,87.5199966430664,87.5199966430664,88.0,87.12999725341797,88.0,35351,HILINFRA,2025-09
2025-09-09 09:55:00+00:00,87.97000122070312,87.97000122070312,87.9800033569336,87.1500015258789,87.5199966430664,70796,HILINFRA,2025-09
2025-09-10 03:45:00+00:00,88.0999984741211,88.0999984741211,89.0,88.01000213623047,89.0,0,HILINFRA,2025-09
2025-09-10 03:50:00+00:00,87.79000091552734,87.79000091552734,87.98999786376953,87.61000061035156,87.80000305175781,27667,HILINFRA,2025-09
2025-09-10 03:55:00+00:00,87.73999786376953,87.73999786376953,87.94999694824219,87.5199966430664,87.79000091552734,17453,HILINFRA,2025-09
2025-09-10 04:00:00+00:00,87.30999755859375,87.30999755859375,87.93000030517578,87.30999755859375,87.93000030517578,22954,HILINFRA,2025-09
2025-09-10 04:05:00+00:00,87.76000213623047,87.76000213623047,87.7699966430664,87.3499984741211,87.44999694824219,13677,HILINFRA,2025-09
2025-09-10 04:10:00+00:00,87.66999816894531,87.66999816894531,87.91999816894531,87.58000183105469,87.83999633789062,20305,HILINFRA,2025-09
2025-09-10 04:15:00+00:00,88.30000305175781,88.30000305175781,88.30000305175781,87.56999969482422,87.58000183105469,19699,HILINFRA,2025-09
2025-09-10 04:20:00+00:00,88.3499984741211,88.3499984741211,88.4000015258789,88.0,88.27999877929688,20587,HILINFRA,2025-09
2025-09-10 04:25:00+00:00,88.0999984741211,88.0999984741211,88.3499984741211,88.0999984741211,88.26000213623047,12560,HILINFRA,2025-09
2025-09-10 04:30:00+00:00,87.75,87.75,88.26000213623047,87.69999694824219,88.0999984741211,26778,HILINFRA,2025-09
2025-09-10 04:35:00+00:00,87.94999694824219,87.94999694824219,88.0,87.77999877929688,87.87000274658203,6812,HILINFRA,2025-09
2025-09-10 04:40:00+00:00,87.72000122070312,87.72000122070312,87.9000015258789,87.68000030517578,87.8499984741211,10149,HILINFRA,2025-09
2025-09-10 04:45:00+00:00,87.73999786376953,87.73999786376953,87.73999786376953,87.45999908447266,87.72000122070312,19411,HILINFRA,2025-09
2025-09-10 04:50:00+00:00,87.75,87.75,87.76000213623047,87.58999633789062,87.73999786376953,6231,HILINFRA,2025-09
2025-09-10 04:55:00+00:00,87.83999633789062,87.83999633789062,88.0,87.75,87.75,11519,HILINFRA,2025-09
2025-09-10 05:00:00+00:00,87.8499984741211,87.8499984741211,87.93000030517578,87.62000274658203,87.83000183105469,4857,HILINFRA,2025-09
2025-09-10 05:05:00+00:00,87.69999694824219,87.69999694824219,87.83999633789062,87.69999694824219,87.72000122070312,1931,HILINFRA,2025-09
2025-09-10 05:10:00+00:00,87.58000183105469,87.58000183105469,87.73999786376953,87.58000183105469,87.72000122070312,7398,HILINFRA,2025-09
2025-09-10 05:15:00+00:00,87.58999633789062,87.58999633789062,87.61000061035156,87.36000061035156,87.58000183105469,10461,HILINFRA,2025-09
2025-09-10 05:20:00+00:00,87.5999984741211,87.5999984741211,87.5999984741211,87.48999786376953,87.48999786376953,5656,HILINFRA,2025-09
2025-09-10 05:25:00+00:00,87.5,87.5,87.5999984741211,87.5,87.5999984741211,3622,HILINFRA,2025-09
2025-09-10 05:30:00+00:00,87.69999694824219,87.69999694824219,87.79000091552734,87.5,87.55000305175781,2647,HILINFRA,2025-09
2025-09-10 05:35:00+00:00,87.7300033569336,87.7300033569336,87.80000305175781,87.69999694824219,87.69999694824219,5036,HILINFRA,2025-09
2025-09-10 05:40:00+00:00,87.9000015258789,87.9000015258789,88.0,87.7300033569336,87.80000305175781,16601,HILINFRA,2025-09
2025-09-10 05:45:00+00:00,87.94999694824219,87.94999694824219,87.98999786376953,87.9000015258789,87.9000015258789,1129,HILINFRA,2025-09
2025-09-10 05:50:00+00:00,87.88999938964844,87.88999938964844,88.0,87.88999938964844,87.9800033569336,3127,HILINFRA,2025-09
2025-09-10 05:55:00+00:00,87.87999725341797,87.87999725341797,87.88999938964844,87.62999725341797,87.80000305175781,2531,HILINFRA,2025-09
2025-09-10 06:00:00+00:00,87.7699966430664,87.7699966430664,87.87999725341797,87.66000366210938,87.8499984741211,1505,HILINFRA,2025-09
2025-09-10 06:05:00+00:00,87.80000305175781,87.80000305175781,87.80000305175781,87.66000366210938,87.66000366210938,1853,HILINFRA,2025-09
2025-09-10 06:10:00+00:00,87.75,87.75,87.9000015258789,87.72000122070312,87.9000015258789,861,HILINFRA,2025-09
2025-09-10 06:15:00+00:00,87.7699966430664,87.7699966430664,87.81999969482422,87.68000030517578,87.75,1685,HILINFRA,2025-09
2025-09-10 06:20:00+00:00,87.7699966430664,87.7699966430664,87.7699966430664,87.69999694824219,87.7699966430664,1147,HILINFRA,2025-09
2025-09-10 06:25:00+00:00,87.68000030517578,87.68000030517578,87.7699966430664,87.5999984741211,87.7699966430664,792,HILINFRA,2025-09
2025-09-10 06:30:00+00:00,87.58999633789062,87.58999633789062,87.72000122070312,87.58000183105469,87.5999984741211,2278,HILINFRA,2025-09
2025-09-10 06:35:00+00:00,87.69000244140625,87.69000244140625,87.69000244140625,87.5199966430664,87.69000244140625,2079,HILINFRA,2025-09
2025-09-10 06:40:00+00:00,87.68000030517578,87.68000030517578,87.69000244140625,87.5999984741211,87.69000244140625,759,HILINFRA,2025-09
2025-09-10 06:45:00+00:00,87.69000244140625,87.69000244140625,87.69999694824219,87.61000061035156,87.68000030517578,3022,HILINFRA,2025-09
2025-09-10 06:50:00+00:00,87.62000274658203,87.62000274658203,87.69999694824219,87.61000061035156,87.69000244140625,2630,HILINFRA,2025-09
2025-09-10 06:55:00+00:00,87.5999984741211,87.5999984741211,87.69999694824219,87.48999786376953,87.69999694824219,14013,HILINFRA,2025-09
2025-09-10 07:00:00+00:00,87.48999786376953,87.48999786376953,87.61000061035156,87.44000244140625,87.61000061035156,8150,HILINFRA,2025-09
2025-09-10 07:05:00+00:00,87.62999725341797,87.62999725341797,87.66999816894531,87.41000366210938,87.48999786376953,2381,HILINFRA,2025-09
2025-09-10 07:10:00+00:00,87.55000305175781,87.55000305175781,87.62999725341797,87.47000122070312,87.62999725341797,884,HILINFRA,2025-09
2025-09-10 07:15:00+00:00,87.54000091552734,87.54000091552734,87.54000091552734,87.45999908447266,87.54000091552734,732,HILINFRA,2025-09
2025-09-10 07:20:00+00:00,87.58999633789062,87.58999633789062,87.58999633789062,87.45999908447266,87.5199966430664,6892,HILINFRA,2025-09
2025-09-10 07:25:00+00:00,87.69999694824219,87.69999694824219,87.69999694824219,87.55000305175781,87.61000061035156,2673,HILINFRA,2025-09
2025-09-10 07:30:00+00:00,87.68000030517578,87.68000030517578,87.69999694824219,87.5999984741211,87.69999694824219,513,HILINFRA,2025-09
2025-09-10 07:35:00+00:00,87.61000061035156,87.61000061035156,87.68000030517578,87.61000061035156,87.66999816894531,892,HILINFRA,2025-09
2025-09-10 07:40:00+00:00,87.68000030517578,87.68000030517578,87.69999694824219,87.62000274658203,87.68000030517578,2085,HILINFRA,2025-09
2025-09-10 07:45:00+00:00,87.5999984741211,87.5999984741211,87.66999816894531,87.51000213623047,87.66999816894531,2557,HILINFRA,2025-09
2025-09-10 07:50:00+00:00,87.51000213623047,87.51000213623047,87.5999984741211,87.51000213623047,87.5999984741211,827,HILINFRA,2025-09
2025-09-10 07:55:00+00:00,87.62000274658203,87.62000274658203,87.68000030517578,87.5199966430664,87.5199966430664,1535,HILINFRA,2025-09
2025-09-10 08:00:00+00:00,87.55999755859375,87.55999755859375,87.66999816894531,87.55999755859375,87.58999633789062,3653,HILINFRA,2025-09
2025-09-10 08:05:00+00:00,87.58000183105469,87.58000183105469,87.68000030517578,87.56999969482422,87.56999969482422,4280,HILINFRA,2025-09
2025-09-10 08:10:00+00:00,87.69999694824219,87.69999694824219,87.73999786376953,87.52999877929688,87.58000183105469,1618,HILINFRA,2025-09
2025-09-10 08:15:00+00:00,87.69999694824219,87.69999694824219,87.75,87.66000366210938,87.69999694824219,1273,HILINFRA,2025-09
2025-09-10 08:20:00+00:00,87.61000061035156,87.61000061035156,87.69999694824219,87.61000061035156,87.69000244140625,1252,HILINFRA,2025-09
2025-09-10 08:25:00+00:00,87.69000244140625,87.69000244140625,87.69999694824219,87.61000061035156,87.61000061035156,5695,HILINFRA,2025-09
2025-09-10 08:30:00+00:00,87.66999816894531,87.66999816894531,87.75,87.61000061035156,87.62000274658203,3080,HILINFRA,2025-09
2025-09-10 08:35:00+00:00,87.5199966430664,87.5199966430664,87.68000030517578,87.5199966430664,87.61000061035156,6491,HILINFRA,2025-09
2025-09-10 08:40:00+00:00,87.5199966430664,87.5199966430664,87.55000305175781,87.44999694824219,87.47000122070312,3293,HILINFRA,2025-09
2025-09-10 08:45:00+00:00,87.58999633789062,87.58999633789062,87.58999633789062,87.5,87.5199966430664,1060,HILINFRA,2025-09
2025-09-10 08:50:00+00:00,87.5,87.5,87.58999633789062,87.47000122070312,87.58999633789062,3509,HILINFRA,2025-09
2025-09-10 08:55:00+00:00,87.5,87.5,87.52999877929688,87.4000015258789,87.5,3295,HILINFRA,2025-09
2025-09-10 09:00:00+00:00,87.41000366210938,87.41000366210938,87.55000305175781,87.4000015258789,87.48999786376953,2838,HILINFRA,2025-09
2025-09-10 09:05:00+00:00,87.41999816894531,87.41999816894531,87.51000213623047,87.19999694824219,87.41000366210938,10352,HILINFRA,2025-09
2025-09-10 09:10:00+00:00,87.4800033569336,87.4800033569336,87.66000366210938,87.44000244140625,87.44000244140625,2699,HILINFRA,2025-09
2025-09-10 09:15:00+00:00,87.41000366210938,87.41000366210938,87.5999984741211,87.16000366210938,87.5999984741211,10617,HILINFRA,2025-09
2025-09-10 09:20:00+00:00,87.44000244140625,87.44000244140625,87.44000244140625,87.30999755859375,87.41000366210938,1827,HILINFRA,2025-09
2025-09-10 09:25:00+00:00,87.4800033569336,87.4800033569336,87.48999786376953,87.33000183105469,87.48999786376953,2052,HILINFRA,2025-09
2025-09-10 09:30:00+00:00,87.33999633789062,87.33999633789062,87.48999786376953,87.23999786376953,87.4800033569336,8263,HILINFRA,2025-09
2025-09-10 09:35:00+00:00,88.69999694824219,88.69999694824219,88.69999694824219,87.30000305175781,87.48999786376953,46523,HILINFRA,2025-09
2025-09-10 09:40:00+00:00,88.22000122070312,88.22000122070312,88.69999694824219,87.98999786376953,88.69000244140625,15629,HILINFRA,2025-09
2025-09-10 09:45:00+00:00,87.88999938964844,87.88999938964844,88.3499984741211,87.69000244140625,88.29000091552734,16537,HILINFRA,2025-09
2025-09-10 09:50:00+00:00,88.58999633789062,88.58999633789062,88.80000305175781,87.7300033569336,87.94000244140625,38462,HILINFRA,2025-09
2025-09-10 09:55:00+00:00,88.13999938964844,88.13999938964844,88.9000015258789,88.13999938964844,88.58999633789062,0,HILINFRA,2025-09
2025-09-11 03:45:00+00:00,89.75,89.75,91.0,89.75,90.7699966430664,308486,HILINFRA,2025-09
2025-09-11 03:50:00+00:00,89.88999938964844,89.88999938964844,89.9000015258789,89.5,89.5,41547,HILINFRA,2025-09
2025-09-11 03:55:00+00:00,89.44000244140625,89.44000244140625,89.47000122070312,88.83000183105469,89.22000122070312,93282,HILINFRA,2025-09
2025-09-11 04:00:00+00:00,89.37000274658203,89.37000274658203,89.58000183105469,89.0999984741211,89.55999755859375,26847,HILINFRA,2025-09
2025-09-11 04:05:00+00:00,89.13999938964844,89.13999938964844,89.44999694824219,89.12000274658203,89.37000274658203,19878,HILINFRA,2025-09
2025-09-11 04:10:00+00:00,88.7699966430664,88.7699966430664,89.30000305175781,88.62000274658203,89.20999908447266,38185,HILINFRA,2025-09
2025-09-11 04:15:00+00:00,88.94000244140625,88.94000244140625,88.94999694824219,88.5999984741211,88.7699966430664,37936,HILINFRA,2025-09
2025-09-11 04:20:00+00:00,88.97000122070312,88.97000122070312,89.0,88.75,88.94999694824219,22547,HILINFRA,2025-09
2025-09-11 04:25:00+00:00,88.75,88.75,88.98999786376953,88.6500015258789,88.97000122070312,13782,HILINFRA,2025-09
2025-09-11 04:30:00+00:00,88.73999786376953,88.73999786376953,88.8499984741211,88.66999816894531,88.8499984741211,4210,HILINFRA,2025-09
2025-09-11 04:35:00+00:00,88.52999877929688,88.52999877929688,88.80000305175781,88.47000122070312,88.73999786376953,12242,HILINFRA,2025-09
2025-09-11 04:40:00+00:00,88.81999969482422,88.81999969482422,88.9000015258789,88.4000015258789,88.4000015258789,14682,HILINFRA,2025-09
2025-09-11 04:45:00+00:00,88.87999725341797,88.87999725341797,88.87999725341797,88.75,88.81999969482422,5395,HILINFRA,2025-09
2025-09-11 04:50:00+00:00,88.83000183105469,88.83000183105469,89.0,88.79000091552734,88.87999725341797,19214,HILINFRA,2025-09
2025-09-11 04:55:00+00:00,88.79000091552734,88.79000091552734,88.94999694824219,88.77999877929688,88.83000183105469,6062,HILINFRA,2025-09
2025-09-11 05:00:00+00:00,88.68000030517578,88.68000030517578,88.79000091552734,88.56999969482422,88.79000091552734,21312,HILINFRA,2025-09
2025-09-11 05:05:00+00:00,88.69000244140625,88.69000244140625,88.69000244140625,88.4000015258789,88.68000030517578,19058,HILINFRA,2025-09
2025-09-11 05:10:00+00:00,88.72000122070312,88.72000122070312,88.77999877929688,88.37000274658203,88.69000244140625,28772,HILINFRA,2025-09
2025-09-11 05:15:00+00:00,88.83000183105469,88.83000183105469,88.87999725341797,88.62000274658203,88.62000274658203,1746,HILINFRA,2025-09
2025-09-11 05:20:00+00:00,88.79000091552734,88.79000091552734,88.83000183105469,88.61000061035156,88.83000183105469,4470,HILINFRA,2025-09
2025-09-11 05:25:00+00:00,89.0,89.0,89.0,88.75,88.79000091552734,10898,HILINFRA,2025-09
2025-09-11 05:30:00+00:00,88.95999908447266,88.95999908447266,88.95999908447266,88.8499984741211,88.91999816894531,3235,HILINFRA,2025-09
2025-09-11 05:35:00+00:00,88.8499984741211,88.8499984741211,89.0,88.8499984741211,88.9800033569336,9976,HILINFRA,2025-09
2025-09-11 05:40:00+00:00,88.9800033569336,88.9800033569336,88.98999786376953,88.8499984741211,88.9000015258789,5523,HILINFRA,2025-09
2025-09-11 05:45:00+00:00,88.97000122070312,88.97000122070312,88.98999786376953,88.87000274658203,88.9800033569336,5393,HILINFRA,2025-09
2025-09-11 05:50:00+00:00,89.0,89.0,89.0,88.8499984741211,88.97000122070312,7823,HILINFRA,2025-09
2025-09-11 05:55:00+00:00,88.98999786376953,88.98999786376953,89.0,88.9000015258789,89.0,1122,HILINFRA,2025-09
2025-09-11 06:00:00+00:00,88.9800033569336,88.9800033569336,88.98999786376953,88.9000015258789,88.98999786376953,2592,HILINFRA,2025-09
2025-09-11 06:05:00+00:00,88.88999938964844,88.88999938964844,88.9800033569336,88.8499984741211,88.9800033569336,6135,HILINFRA,2025-09
2025-09-11 06:10:00+00:00,88.70999908447266,88.70999908447266,88.87000274658203,88.70999908447266,88.87000274658203,1692,HILINFRA,2025-09
2025-09-11 06:15:00+00:00,88.62000274658203,88.62000274658203,88.75,88.5,88.75,14167,HILINFRA,2025-09
2025-09-11 06:20:00+00:00,88.5999984741211,88.5999984741211,88.69999694824219,88.5999984741211,88.69999694824219,2366,HILINFRA,2025-09
2025-09-11 06:25:00+00:00,88.62000274658203,88.62000274658203,88.94000244140625,88.62000274658203,88.69000244140625,7976,HILINFRA,2025-09
2025-09-11 06:30:00+00:00,88.81999969482422,88.81999969482422,88.94000244140625,88.81999969482422,88.8499984741211,3430,HILINFRA,2025-09
2025-09-11 06:35:00+00:00,88.9000015258789,88.9000015258789,88.91999816894531,88.81999969482422,88.81999969482422,1097,HILINFRA,2025-09
2025-09-11 06:40:00+00:00,88.9000015258789,88.9000015258789,88.9000015258789,88.70999908447266,88.83000183105469,6174,HILINFRA,2025-09
2025-09-11 06:45:00+00:00,89.37000274658203,89.37000274658203,89.37000274658203,88.9800033569336,88.9800033569336,15607,HILINFRA,2025-09
2025-09-11 06:50:00+00:00,89.29000091552734,89.29000091552734,89.4000015258789,89.29000091552734,89.4000015258789,5929,HILINFRA,2025-09
2025-09-11 06:55:00+00:00,89.08000183105469,89.08000183105469,89.30000305175781,89.0,89.29000091552734,2873,HILINFRA,2025-09
2025-09-11 07:00:00+00:00,89.2699966430664,89.2699966430664,89.36000061035156,89.12000274658203,89.12000274658203,4160,HILINFRA,2025-09
2025-09-11 07:05:00+00:00,89.05000305175781,89.05000305175781,89.33000183105469,89.05000305175781,89.33000183105469,2206,HILINFRA,2025-09
2025-09-11 07:10:00+00:00,89.1500015258789,89.1500015258789,89.19999694824219,89.04000091552734,89.05000305175781,7465,HILINFRA,2025-09
2025-09-11 07:15:00+00:00,89.06999969482422,89.06999969482422,89.1500015258789,89.06999969482422,89.06999969482422,1918,HILINFRA,2025-09
2025-09-11 07:20:00+00:00,89.19000244140625,89.19000244140625,89.19000244140625,89.01000213623047,89.16999816894531,3405,HILINFRA,2025-09
2025-09-11 07:25:00+00:00,89.0,89.0,89.13999938964844,88.9000015258789,89.12999725341797,6418,HILINFRA,2025-09
2025-09-11 07:30:00+00:00,88.91999816894531,88.91999816894531,89.0,88.91000366210938,88.91000366210938,845,HILINFRA,2025-09
2025-09-11 07:35:00+00:00,88.91999816894531,88.91999816894531,89.0,88.8499984741211,88.91999816894531,1091,HILINFRA,2025-09
2025-09-11 07:40:00+00:00,88.83999633789062,88.83999633789062,88.91999816894531,88.66999816894531,88.91999816894531,5024,HILINFRA,2025-09
2025-09-11 07:45:00+00:00,88.83999633789062,88.83999633789062,88.83999633789062,88.6500015258789,88.69000244140625,2783,HILINFRA,2025-09
2025-09-11 07:50:00+00:00,88.81999969482422,88.81999969482422,88.83999633789062,88.66000366210938,88.83999633789062,3609,HILINFRA,2025-09
2025-09-11 07:55:00+00:00,88.97000122070312,88.97000122070312,88.97000122070312,88.69000244140625,88.72000122070312,8842,HILINFRA,2025-09
2025-09-11 08:00:00+00:00,88.81999969482422,88.81999969482422,88.97000122070312,88.66000366210938,88.97000122070312,6324,HILINFRA,2025-09
2025-09-11 08:05:00+00:00,88.83000183105469,88.83000183105469,88.83999633789062,88.7300033569336,88.81999969482422,860,HILINFRA,2025-09
2025-09-11 08:10:00+00:00,88.62000274658203,88.62000274658203,88.83000183105469,88.62000274658203,88.73999786376953,3544,HILINFRA,2025-09
2025-09-11 08:15:00+00:00,88.4800033569336,88.4800033569336,88.66000366210938,88.30000305175781,88.61000061035156,51216,HILINFRA,2025-09
2025-09-11 08:20:00+00:00,88.58000183105469,88.58000183105469,88.5999984741211,88.4800033569336,88.4800033569336,3048,HILINFRA,2025-09
2025-09-11 08:25:00+00:00,88.62000274658203,88.62000274658203,88.63999938964844,88.54000091552734,88.63999938964844,1892,HILINFRA,2025-09
2025-09-11 08:30:00+00:00,88.62999725341797,88.62999725341797,88.62999725341797,88.5199966430664,88.52999877929688,1927,HILINFRA,2025-09
2025-09-11 08:35:00+00:00,88.93000030517578,88.93000030517578,88.94000244140625,88.5199966430664,88.62999725341797,16914,HILINFRA,2025-09
2025-09-11 08:40:00+00:00,88.79000091552734,88.79000091552734,88.93000030517578,88.75,88.93000030517578,1356,HILINFRA,2025-09
2025-09-11 08:45:00+00:00,88.80000305175781,88.80000305175781,88.80000305175781,88.69999694824219,88.79000091552734,3717,HILINFRA,2025-09
2025-09-11 08:50:00+00:00,88.72000122070312,88.72000122070312,88.80000305175781,88.72000122070312,88.80000305175781,1879,HILINFRA,2025-09
2025-09-11 08:55:00+00:00,88.6500015258789,88.6500015258789,88.7699966430664,88.6500015258789,88.6500015258789,2822,HILINFRA,2025-09
2025-09-11 09:00:00+00:00,88.69000244140625,88.69000244140625,88.72000122070312,88.5,88.6500015258789,17998,HILINFRA,2025-09
2025-09-11 09:05:00+00:00,88.54000091552734,88.54000091552734,88.68000030517578,88.5,88.58999633789062,7473,HILINFRA,2025-09
2025-09-11 09:10:00+00:00,88.5999984741211,88.5999984741211,88.62999725341797,88.5,88.62999725341797,6576,HILINFRA,2025-09
2025-09-11 09:15:00+00:00,88.55999755859375,88.55999755859375,88.73999786376953,88.52999877929688,88.5999984741211,13125,HILINFRA,2025-09
2025-09-11 09:20:00+00:00,88.4800033569336,88.4800033569336,88.62999725341797,88.4800033569336,88.52999877929688,3849,HILINFRA,2025-09
2025-09-11 09:25:00+00:00,88.2699966430664,88.2699966430664,88.4800033569336,88.23999786376953,88.4800033569336,10232,HILINFRA,2025-09
2025-09-11 09:30:00+00:00,88.01000213623047,88.01000213623047,88.37999725341797,88.01000213623047,88.37999725341797,27307,HILINFRA,2025-09
2025-09-11 09:35:00+00:00,88.11000061035156,88.11000061035156,88.11000061035156,87.5,88.0999984741211,94285,HILINFRA,2025-09
2025-09-11 09:40:00+00:00,88.02999877929688,88.02999877929688,88.41999816894531,87.61000061035156,87.97000122070312,31633,HILINFRA,2025-09
2025-09-11 09:45:00+00:00,87.19999694824219,87.19999694824219,88.2300033569336,87.0,88.08999633789062,56304,HILINFRA,2025-09
2025-09-11 09:50:00+00:00,87.3499984741211,87.3499984741211,87.5199966430664,87.0,87.2300033569336,53632,HILINFRA,2025-09
2025-09-11 09:55:00+00:00,87.56999969482422,87.56999969482422,87.73999786376953,87.3499984741211,87.3499984741211,24632,HILINFRA,2025-09
2025-09-12 03:45:00+00:00,87.31999969482422,87.31999969482422,88.20999908447266,87.31999969482422,88.20999908447266,30468,HILINFRA,2025-09
2025-09-12 03:50:00+00:00,87.25,87.25,87.41999816894531,87.13999938964844,87.2300033569336,22872,HILINFRA,2025-09
2025-09-12 03:55:00+00:00,87.38999938964844,87.38999938964844,87.38999938964844,87.19999694824219,87.38999938964844,17725,HILINFRA,2025-09
2025-09-12 04:00:00+00:00,87.41999816894531,87.41999816894531,87.6500015258789,87.30999755859375,87.38999938964844,17734,HILINFRA,2025-09
2025-09-12 04:05:00+00:00,87.45999908447266,87.45999908447266,87.5199966430664,87.29000091552734,87.4800033569336,9140,HILINFRA,2025-09
2025-09-12 04:10:00+00:00,87.2300033569336,87.2300033569336,87.5199966430664,87.22000122070312,87.5199966430664,8240,HILINFRA,2025-09
2025-09-12 04:15:00+00:00,87.47000122070312,87.47000122070312,87.5,87.30000305175781,87.30000305175781,5837,HILINFRA,2025-09
2025-09-12 04:20:00+00:00,87.41999816894531,87.41999816894531,87.47000122070312,87.30999755859375,87.47000122070312,4032,HILINFRA,2025-09
2025-09-12 04:25:00+00:00,87.30999755859375,87.30999755859375,87.41999816894531,87.23999786376953,87.30000305175781,8111,HILINFRA,2025-09
2025-09-12 04:30:00+00:00,87.37999725341797,87.37999725341797,87.37999725341797,87.30999755859375,87.30999755859375,2825,HILINFRA,2025-09
2025-09-12 04:35:00+00:00,87.38999938964844,87.38999938964844,87.43000030517578,87.30999755859375,87.3499984741211,4961,HILINFRA,2025-09
2025-09-12 04:40:00+00:00,87.30000305175781,87.30000305175781,87.37999725341797,87.2300033569336,87.37000274658203,6228,HILINFRA,2025-09
2025-09-12 04:45:00+00:00,87.30999755859375,87.30999755859375,87.38999938964844,87.25,87.30000305175781,3809,HILINFRA,2025-09
2025-09-12 04:50:00+00:00,87.19999694824219,87.19999694824219,87.4000015258789,87.19999694824219,87.30999755859375,8276,HILINFRA,2025-09
2025-09-12 04:55:00+00:00,87.33999633789062,87.33999633789062,87.3499984741211,87.19999694824219,87.2300033569336,7343,HILINFRA,2025-09
2025-09-12 05:00:00+00:00,87.3499984741211,87.3499984741211,87.3499984741211,87.23999786376953,87.30000305175781,1674,HILINFRA,2025-09
2025-09-12 05:05:00+00:00,87.19000244140625,87.19000244140625,87.29000091552734,87.18000030517578,87.29000091552734,6006,HILINFRA,2025-09
2025-09-12 05:10:00+00:00,87.18000030517578,87.18000030517578,87.19999694824219,87.16000366210938,87.18000030517578,5541,HILINFRA,2025-09
2025-09-12 05:15:00+00:00,87.12999725341797,87.12999725341797,87.1500015258789,87.0199966430664,87.1500015258789,9187,HILINFRA,2025-09
2025-09-12 05:20:00+00:00,87.12999725341797,87.12999725341797,87.16999816894531,87.0199966430664,87.04000091552734,3730,HILINFRA,2025-09
2025-09-12 05:25:00+00:00,87.1500015258789,87.1500015258789,87.16000366210938,87.01000213623047,87.12999725341797,8692,HILINFRA,2025-09
2025-09-12 05:30:00+00:00,87.19999694824219,87.19999694824219,87.19999694824219,87.01000213623047,87.05000305175781,3827,HILINFRA,2025-09
2025-09-12 05:35:00+00:00,87.29000091552734,87.29000091552734,87.36000061035156,87.12000274658203,87.19999694824219,6748,HILINFRA,2025-09
2025-09-12 05:40:00+00:00,87.20999908447266,87.20999908447266,87.29000091552734,87.20999908447266,87.27999877929688,907,HILINFRA,2025-09
2025-09-12 05:45:00+00:00,87.22000122070312,87.22000122070312,87.2699966430664,87.19999694824219,87.26000213623047,2082,HILINFRA,2025-09
2025-09-12 05:50:00+00:00,87.26000213623047,87.26000213623047,87.31999969482422,87.13999938964844,87.31999969482422,6291,HILINFRA,2025-09
2025-09-12 05:55:00+00:00,87.29000091552734,87.29000091552734,87.4000015258789,87.16999816894531,87.30000305175781,3671,HILINFRA,2025-09
2025-09-12 06:00:00+00:00,87.16999816894531,87.16999816894531,87.27999877929688,87.16999816894531,87.2699966430664,2674,HILINFRA,2025-09
2025-09-12 06:05:00+00:00,87.2699966430664,87.2699966430664,87.27999877929688,87.1500015258789,87.16999816894531,2266,HILINFRA,2025-09
2025-09-12 06:10:00+00:00,87.2699966430664,87.2699966430664,87.2699966430664,87.19000244140625,87.2699966430664,617,HILINFRA,2025-09
2025-09-12 06:15:00+00:00,87.06999969482422,87.06999969482422,87.22000122070312,86.98999786376953,87.19999694824219,16762,HILINFRA,2025-09
2025-09-12 06:20:00+00:00,87.19000244140625,87.19000244140625,87.19999694824219,87.0999984741211,87.13999938964844,719,HILINFRA,2025-09
2025-09-12 06:25:00+00:00,87.11000061035156,87.11000061035156,87.19000244140625,87.0999984741211,87.19000244140625,567,HILINFRA,2025-09
2025-09-12 06:30:00+00:00,87.11000061035156,87.11000061035156,87.11000061035156,87.01000213623047,87.11000061035156,1705,HILINFRA,2025-09
2025-09-12 06:35:00+00:00,87.06999969482422,87.06999969482422,87.12000274658203,87.06999969482422,87.11000061035156,879,HILINFRA,2025-09
2025-09-12 06:40:00+00:00,87.08999633789062,87.08999633789062,87.16999816894531,87.02999877929688,87.16999816894531,381,HILINFRA,2025-09
2025-09-12 06:45:00+00:00,87.0199966430664,87.0199966430664,87.0999984741211,87.0199966430664,87.08999633789062,1099,HILINFRA,2025-09
2025-09-12 06:50:00+00:00,87.0999984741211,87.0999984741211,87.0999984741211,87.0199966430664,87.02999877929688,1881,HILINFRA,2025-09
2025-09-12 06:55:00+00:00,87.05999755859375,87.05999755859375,87.27999877929688,87.02999877929688,87.0999984741211,5890,HILINFRA,2025-09
2025-09-12 07:00:00+00:00,87.18000030517578,87.18000030517578,87.27999877929688,87.05999755859375,87.0999984741211,1287,HILINFRA,2025-09
2025-09-12 07:05:00+00:00,87.18000030517578,87.18000030517578,87.29000091552734,87.18000030517578,87.27999877929688,2964,HILINFRA,2025-09
2025-09-12 07:10:00+00:00,87.16000366210938,87.16000366210938,87.29000091552734,87.0999984741211,87.18000030517578,1108,HILINFRA,2025-09
2025-09-12 07:15:00+00:00,87.25,87.25,87.25,87.11000061035156,87.1500015258789,1402,HILINFRA,2025-09
2025-09-12 07:20:00+00:00,87.11000061035156,87.11000061035156,87.26000213623047,87.11000061035156,87.20999908447266,3349,HILINFRA,2025-09
2025-09-12 07:25:00+00:00,87.1500015258789,87.1500015258789,87.26000213623047,87.1500015258789,87.2300033569336,532,HILINFRA,2025-09
2025-09-12 07:30:00+00:00,87.43000030517578,87.43000030517578,87.70999908447266,87.0999984741211,87.11000061035156,25562,HILINFRA,2025-09
2025-09-12 07:35:00+00:00,87.19999694824219,87.19999694824219,87.47000122070312,87.16000366210938,87.36000061035156,8624,HILINFRA,2025-09
2025-09-12 07:40:00+00:00,87.31999969482422,87.31999969482422,87.43000030517578,87.22000122070312,87.31999969482422,5856,HILINFRA,2025-09
2025-09-12 07:45:00+00:00,87.31999969482422,87.31999969482422,87.45999908447266,87.30999755859375,87.33999633789062,3017,HILINFRA,2025-09
2025-09-12 07:50:00+00:00,87.36000061035156,87.36000061035156,87.44000244140625,87.30999755859375,87.41999816894531,1642,HILINFRA,2025-09
2025-09-12 07:55:00+00:00,87.44000244140625,87.44000244140625,87.44000244140625,87.33999633789062,87.36000061035156,3024,HILINFRA,2025-09
2025-09-12 08:00:00+00:00,87.33000183105469,87.33000183105469,87.44000244140625,87.33000183105469,87.44000244140625,3767,HILINFRA,2025-09
2025-09-12 08:05:00+00:00,87.52999877929688,87.52999877929688,87.52999877929688,87.41000366210938,87.41000366210938,13368,HILINFRA,2025-09
2025-09-12 08:10:00+00:00,87.44999694824219,87.44999694824219,87.5999984741211,87.44999694824219,87.58999633789062,2889,HILINFRA,2025-09
2025-09-12 08:15:00+00:00,87.37999725341797,87.37999725341797,87.48999786376953,87.26000213623047,87.48999786376953,3283,HILINFRA,2025-09
2025-09-12 08:20:00+00:00,87.4000015258789,87.4000015258789,87.4800033569336,87.4000015258789,87.4000015258789,2040,HILINFRA,2025-09
2025-09-12 08:25:00+00:00,87.4000015258789,87.4000015258789,87.4000015258789,87.31999969482422,87.38999938964844,702,HILINFRA,2025-09
2025-09-12 08:30:00+00:00,87.30000305175781,87.30000305175781,87.38999938964844,87.30000305175781,87.38999938964844,925,HILINFRA,2025-09
2025-09-12 08:35:00+00:00,87.36000061035156,87.36000061035156,87.37999725341797,87.26000213623047,87.30000305175781,3146,HILINFRA,2025-09
2025-09-12 08:40:00+00:00,87.3499984741211,87.3499984741211,87.38999938964844,87.27999877929688,87.36000061035156,787,HILINFRA,2025-09
2025-09-12 08:45:00+00:00,87.19999694824219,87.19999694824219,87.30999755859375,87.19999694824219,87.30999755859375,3291,HILINFRA,2025-09
2025-09-12 08:50:00+00:00,87.2699966430664,87.2699966430664,87.2699966430664,87.19999694824219,87.2699966430664,3596,HILINFRA,2025-09
2025-09-12 08:55:00+00:00,87.20999908447266,87.20999908447266,87.2699966430664,87.20999908447266,87.2699966430664,182,HILINFRA,2025-09
2025-09-12 09:00:00+00:00,87.26000213623047,87.26000213623047,87.26000213623047,87.19000244140625,87.20999908447266,1398,HILINFRA,2025-09
2025-09-12 09:05:00+00:00,87.0999984741211,87.0999984741211,87.30999755859375,87.0199966430664,87.16000366210938,12075,HILINFRA,2025-09
2025-09-12 09:10:00+00:00,87.2699966430664,87.2699966430664,87.2699966430664,87.0999984741211,87.16999816894531,913,HILINFRA,2025-09
2025-09-12 09:15:00+00:00,87.19000244140625,87.19000244140625,87.26000213623047,87.0199966430664,87.16000366210938,5438,HILINFRA,2025-09
2025-09-12 09:20:00+00:00,87.0999984741211,87.0999984741211,87.22000122070312,87.01000213623047,87.19000244140625,3689,HILINFRA,2025-09
2025-09-12 09:25:00+00:00,87.05999755859375,87.05999755859375,87.27999877929688,87.05999755859375,87.19999694824219,4326,HILINFRA,2025-09
2025-09-12 09:30:00+00:00,86.80999755859375,86.80999755859375,87.13999938964844,86.70999908447266,87.13999938964844,13344,HILINFRA,2025-09
2025-09-12 09:35:00+00:00,87.20999908447266,87.20999908447266,87.20999908447266,86.7300033569336,86.7699966430664,33482,HILINFRA,2025-09
2025-09-12 09:40:00+00:00,87.05000305175781,87.05000305175781,87.25,86.95999908447266,87.08999633789062,7762,HILINFRA,2025-09
2025-09-12 09:45:00+00:00,86.83000183105469,86.83000183105469,87.11000061035156,86.80000305175781,87.11000061035156,10445,HILINFRA,2025-09
2025-09-12 09:50:00+00:00,87.06999969482422,87.06999969482422,87.13999938964844,86.83000183105469,86.83000183105469,7684,HILINFRA,2025-09
2025-09-12 09:55:00+00:00,86.98999786376953,86.98999786376953,87.06999969482422,86.83999633789062,86.83999633789062,0,HILINFRA,2025-09
2025-09-15 03:45:00+00:00,86.43000030517578,86.43000030517578,86.62999725341797,86.08999633789062,86.5,0,HILINFRA,2025-09
2025-09-15 03:50:00+00:00,86.33000183105469,86.33000183105469,86.73999786376953,86.20999908447266,86.38999938964844,18881,HILINFRA,2025-09
2025-09-15 03:55:00+00:00,86.5199966430664,86.5199966430664,86.5199966430664,86.33000183105469,86.33999633789062,5685,HILINFRA,2025-09
2025-09-15 04:00:00+00:00,86.44999694824219,86.44999694824219,86.6500015258789,86.41000366210938,86.5,12054,HILINFRA,2025-09
2025-09-15 04:05:00+00:00,86.58000183105469,86.58000183105469,86.69000244140625,86.41000366210938,86.44999694824219,10750,HILINFRA,2025-09
2025-09-15 04:10:00+00:00,86.9000015258789,86.9000015258789,86.9000015258789,86.58000183105469,86.68000030517578,8818,HILINFRA,2025-09
2025-09-15 04:15:00+00:00,87.23999786376953,87.23999786376953,87.55999755859375,86.83000183105469,86.9000015258789,22060,HILINFRA,2025-09
2025-09-15 04:20:00+00:00,87.51000213623047,87.51000213623047,87.63999938964844,87.16000366210938,87.3499984741211,30185,HILINFRA,2025-09
2025-09-15 04:25:00+00:00,87.47000122070312,87.47000122070312,87.51000213623047,87.37000274658203,87.47000122070312,4761,HILINFRA,2025-09
2025-09-15 04:30:00+00:00,87.80000305175781,87.80000305175781,87.80000305175781,87.44000244140625,87.47000122070312,9792,HILINFRA,2025-09
2025-09-15 04:35:00+00:00,88.08000183105469,88.08000183105469,88.08000183105469,87.69999694824219,87.7699966430664,12580,HILINFRA,2025-09
2025-09-15 04:40:00+00:00,87.7300033569336,87.7300033569336,88.08000183105469,87.7300033569336,88.01000213623047,13854,HILINFRA,2025-09
2025-09-15 04:45:00+00:00,87.91000366210938,87.91000366210938,87.93000030517578,87.66999816894531,87.75,5027,HILINFRA,2025-09
2025-09-15 04:50:00+00:00,87.9000015258789,87.9000015258789,87.94000244140625,87.80999755859375,87.94000244140625,2047,HILINFRA,2025-09
2025-09-15 04:55:00+00:00,87.81999969482422,87.81999969482422,87.91999816894531,87.80999755859375,87.80999755859375,4500,HILINFRA,2025-09
2025-09-15 05:00:00+00:00,87.9000015258789,87.9000015258789,87.94999694824219,87.76000213623047,87.81999969482422,5713,HILINFRA,2025-09
2025-09-15 05:05:00+00:00,87.83000183105469,87.83000183105469,87.9000015258789,87.80000305175781,87.80999755859375,3761,HILINFRA,2025-09
2025-09-15 05:10:00+00:00,87.58000183105469,87.58000183105469,87.83000183105469,87.55000305175781,87.83000183105469,5105,HILINFRA,2025-09
2025-09-15 05:15:00+00:00,87.56999969482422,87.56999969482422,87.75,87.52999877929688,87.70999908447266,5350,HILINFRA,2025-09
2025-09-15 05:20:00+00:00,87.41999816894531,87.41999816894531,87.61000061035156,87.30000305175781,87.56999969482422,6008,HILINFRA,2025-09
2025-09-15 05:25:00+00:00,87.5,87.5,87.5,87.43000030517578,87.43000030517578,1341,HILINFRA,2025-09
2025-09-15 05:30:00+00:00,87.61000061035156,87.61000061035156,87.61000061035156,87.44999694824219,87.5,5033,HILINFRA,2025-09
2025-09-15 05:35:00+00:00,87.5199966430664,87.5199966430664,87.61000061035156,87.48999786376953,87.5199966430664,2832,HILINFRA,2025-09
2025-09-15 05:40:00+00:00,87.27999877929688,87.27999877929688,87.5199966430664,87.19000244140625,87.5199966430664,7164,HILINFRA,2025-09
2025-09-15 05:45:00+00:00,87.0999984741211,87.0999984741211,87.23999786376953,87.01000213623047,87.23999786376953,1590,HILINFRA,2025-09
2025-09-15 05:50:00+00:00,87.05999755859375,87.05999755859375,87.13999938964844,87.05000305175781,87.12999725341797,995,HILINFRA,2025-09
2025-09-15 05:55:00+00:00,87.11000061035156,87.11000061035156,87.16000366210938,86.94999694824219,87.13999938964844,8696,HILINFRA,2025-09
2025-09-15 06:00:00+00:00,87.0199966430664,87.0199966430664,87.08000183105469,86.9000015258789,87.08000183105469,1834,HILINFRA,2025-09
2025-09-15 06:05:00+00:00,87.0,87.0,87.05000305175781,86.94000244140625,86.94000244140625,871,HILINFRA,2025-09
2025-09-15 06:10:00+00:00,87.0,87.0,87.0,86.91000366210938,87.0,486,HILINFRA,2025-09
2025-09-15 06:15:00+00:00,87.01000213623047,87.01000213623047,87.01000213623047,86.88999938964844,86.9000015258789,2293,HILINFRA,2025-09
2025-09-15 06:20:00+00:00,87.0,87.0,87.01000213623047,86.9000015258789,86.94999694824219,1506,HILINFRA,2025-09
2025-09-15 06:25:00+00:00,87.29000091552734,87.29000091552734,87.29000091552734,87.01000213623047,87.06999969482422,10920,HILINFRA,2025-09
2025-09-15 06:30:00+00:00,87.2300033569336,87.2300033569336,87.29000091552734,87.12999725341797,87.23999786376953,1309,HILINFRA,2025-09
2025-09-15 06:35:00+00:00,87.2699966430664,87.2699966430664,87.2699966430664,87.02999877929688,87.11000061035156,6034,HILINFRA,2025-09
2025-09-15 06:40:00+00:00,87.1500015258789,87.1500015258789,87.2699966430664,87.1500015258789,87.2699966430664,248,HILINFRA,2025-09
2025-09-15 06:45:00+00:00,87.23999786376953,87.23999786376953,87.23999786376953,87.1500015258789,87.1500015258789,4046,HILINFRA,2025-09
2025-09-15 06:50:00+00:00,87.3499984741211,87.3499984741211,87.3499984741211,87.23999786376953,87.30999755859375,541,HILINFRA,2025-09
2025-09-15 06:55:00+00:00,87.25,87.25,87.37000274658203,87.25,87.37000274658203,2900,HILINFRA,2025-09
2025-09-15 07:00:00+00:00,87.36000061035156,87.36000061035156,87.36000061035156,87.26000213623047,87.30999755859375,2512,HILINFRA,2025-09
2025-09-15 07:05:00+00:00,87.37000274658203,87.37000274658203,87.37000274658203,87.30000305175781,87.36000061035156,487,HILINFRA,2025-09
2025-09-15 07:10:00+00:00,87.36000061035156,87.36000061035156,87.37000274658203,87.30000305175781,87.30000305175781,319,HILINFRA,2025-09
2025-09-15 07:15:00+00:00,87.33000183105469,87.33000183105469,87.41999816894531,87.30000305175781,87.30999755859375,1701,HILINFRA,2025-09
2025-09-15 07:20:00+00:00,87.31999969482422,87.31999969482422,87.48999786376953,87.30999755859375,87.3499984741211,4563,HILINFRA,2025-09
2025-09-15 07:25:00+00:00,87.30000305175781,87.30000305175781,87.31999969482422,87.30000305175781,87.30999755859375,699,HILINFRA,2025-09
2025-09-15 07:30:00+00:00,87.3499984741211,87.3499984741211,87.3499984741211,87.25,87.31999969482422,1017,HILINFRA,2025-09
2025-09-15 07:35:00+00:00,87.2699966430664,87.2699966430664,87.3499984741211,87.26000213623047,87.3499984741211,898,HILINFRA,2025-09
2025-09-15 07:40:00+00:00,87.43000030517578,87.43000030517578,87.5,87.2699966430664,87.33999633789062,3135,HILINFRA,2025-09
2025-09-15 07:45:00+00:00,87.48999786376953,87.48999786376953,87.5,87.30999755859375,87.30999755859375,2734,HILINFRA,2025-09
2025-09-15 07:50:00+00:00,87.44000244140625,87.44000244140625,87.5,87.4000015258789,87.5,4908,HILINFRA,2025-09
2025-09-15 07:55:00+00:00,87.31999969482422,87.31999969482422,87.44000244140625,87.19999694824219,87.44000244140625,2310,HILINFRA,2025-09
2025-09-15 08:00:00+00:00,87.37999725341797,87.37999725341797,87.37999725341797,87.2300033569336,87.2300033569336,1203,HILINFRA,2025-09
2025-09-15 08:05:00+00:00,87.37999725341797,87.37999725341797,87.4000015258789,87.30000305175781,87.4000015258789,136,HILINFRA,2025-09
2025-09-15 08:10:00+00:00,87.29000091552734,87.29000091552734,87.4000015258789,87.22000122070312,87.38999938964844,7406,HILINFRA,2025-09
2025-09-15 08:15:00+00:00,87.16000366210938,87.16000366210938,87.3499984741211,87.16000366210938,87.30999755859375,1909,HILINFRA,2025-09
2025-09-15 08:20:00+00:00,87.25,87.25,87.25,87.16000366210938,87.16000366210938,969,HILINFRA,2025-09
2025-09-15 08:25:00+00:00,87.33999633789062,87.33999633789062,87.33999633789062,87.25,87.25,577,HILINFRA,2025-09
2025-09-15 08:30:00+00:00,87.25,87.25,87.3499984741211,87.25,87.33999633789062,751,HILINFRA,2025-09
2025-09-15 08:35:00+00:00,87.13999938964844,87.13999938964844,87.33999633789062,87.12000274658203,87.25,6374,HILINFRA,2025-09
2025-09-15 08:40:00+00:00,87.31999969482422,87.31999969482422,87.33000183105469,87.13999938964844,87.13999938964844,3392,HILINFRA,2025-09
2025-09-15 08:45:00+00:00,87.16000366210938,87.16000366210938,87.25,87.13999938964844,87.19000244140625,1244,HILINFRA,2025-09
2025-09-15 08:50:00+00:00,86.87000274658203,86.87000274658203,87.19000244140625,86.87000274658203,87.08000183105469,6885,HILINFRA,2025-09
2025-09-15 08:55:00+00:00,86.91999816894531,86.91999816894531,86.98999786376953,86.87000274658203,86.87000274658203,351,HILINFRA,2025-09
2025-09-15 09:00:00+00:00,87.05999755859375,87.05999755859375,87.19000244140625,87.0,87.0,404,HILINFRA,2025-09
2025-09-15 09:05:00+00:00,87.1500015258789,87.1500015258789,87.1500015258789,86.94000244140625,87.06999969482422,2240,HILINFRA,2025-09
2025-09-15 09:10:00+00:00,87.13999938964844,87.13999938964844,87.16999816894531,87.02999877929688,87.1500015258789,1691,HILINFRA,2025-09
2025-09-15 09:15:00+00:00,86.91999816894531,86.91999816894531,87.12999725341797,86.91999816894531,87.12999725341797,2897,HILINFRA,2025-09
2025-09-15 09:20:00+00:00,87.02999877929688,87.02999877929688,87.05999755859375,86.98999786376953,87.01000213623047,2192,HILINFRA,2025-09
2025-09-15 09:25:00+00:00,86.81999969482422,86.81999969482422,87.02999877929688,86.80000305175781,87.02999877929688,6667,HILINFRA,2025-09
2025-09-15 09:30:00+00:00,86.91000366210938,86.91000366210938,86.98999786376953,86.80000305175781,86.91999816894531,4322,HILINFRA,2025-09
2025-09-15 09:35:00+00:00,87.31999969482422,87.31999969482422,87.31999969482422,86.80999755859375,86.86000061035156,10802,HILINFRA,2025-09
2025-09-15 09:40:00+00:00,87.38999938964844,87.38999938964844,87.4000015258789,87.01000213623047,87.33000183105469,6765,HILINFRA,2025-09
2025-09-15 09:45:00+00:00,87.13999938964844,87.13999938964844,87.37999725341797,86.86000061035156,87.36000061035156,6964,HILINFRA,2025-09
2025-09-15 09:50:00+00:00,87.30000305175781,87.30000305175781,87.48999786376953,86.80000305175781,87.0,12199,HILINFRA,2025-09
2025-09-15 09:55:00+00:00,87.38999938964844,87.38999938964844,87.44000244140625,87.05000305175781,87.20999908447266,8799,HILINFRA,2025-09
2025-09-16 03:45:00+00:00,87.27999877929688,87.27999877929688,88.13999938964844,87.0999984741211,88.13999938964844,0,HILINFRA,2025-09
2025-09-16 03:50:00+00:00,87.72000122070312,87.72000122070312,87.75,87.22000122070312,87.47000122070312,4774,HILINFRA,2025-09
2025-09-16 03:55:00+00:00,87.80000305175781,87.80000305175781,87.80999755859375,87.45999908447266,87.7699966430664,6072,HILINFRA,2025-09
2025-09-16 04:00:00+00:00,87.75,87.75,87.88999938964844,87.6500015258789,87.88999938964844,6319,HILINFRA,2025-09
2025-09-16 04:05:00+00:00,87.7699966430664,87.7699966430664,87.83000183105469,87.55000305175781,87.75,8270,HILINFRA,2025-09
2025-09-16 04:10:00+00:00,87.5999984741211,87.5999984741211,87.76000213623047,87.5,87.66000366210938,6617,HILINFRA,2025-09
2025-09-16 04:15:00+00:00,87.83000183105469,87.83000183105469,87.9000015258789,87.5999984741211,87.5999984741211,7574,HILINFRA,2025-09
2025-09-16 04:20:00+00:00,88.18000030517578,88.18000030517578,88.19999694824219,87.72000122070312,87.76000213623047,17396,HILINFRA,2025-09
2025-09-16 04:25:00+00:00,87.58000183105469,87.58000183105469,88.19999694824219,87.5199966430664,88.19999694824219,22871,HILINFRA,2025-09
2025-09-16 04:30:00+00:00,87.69999694824219,87.69999694824219,87.81999969482422,87.5999984741211,87.7300033569336,4609,HILINFRA,2025-09
2025-09-16 04:35:00+00:00,87.68000030517578,87.68000030517578,87.72000122070312,87.5999984741211,87.70999908447266,1017,HILINFRA,2025-09
2025-09-16 04:40:00+00:00,87.47000122070312,87.47000122070312,87.68000030517578,87.4000015258789,87.68000030517578,6241,HILINFRA,2025-09
2025-09-16 04:45:00+00:00,87.47000122070312,87.47000122070312,87.47000122070312,87.36000061035156,87.36000061035156,3882,HILINFRA,2025-09
2025-09-16 04:50:00+00:00,87.41000366210938,87.41000366210938,87.5,87.36000061035156,87.44999694824219,1720,HILINFRA,2025-09
2025-09-16 04:55:00+00:00,87.45999908447266,87.45999908447266,87.45999908447266,87.33999633789062,87.45999908447266,2306,HILINFRA,2025-09
2025-09-16 05:00:00+00:00,87.38999938964844,87.38999938964844,87.5199966430664,87.30000305175781,87.45999908447266,1359,HILINFRA,2025-09
2025-09-16 05:05:00+00:00,87.33999633789062,87.33999633789062,87.33999633789062,87.33999633789062,87.33999633789062,2814,HILINFRA,2025-09
2025-09-16 05:10:00+00:00,87.25,87.25,87.33999633789062,87.25,87.33999633789062,76,HILINFRA,2025-09
2025-09-16 06:00:00+00:00,87.19999694824219,87.19999694824219,87.4000015258789,87.1500015258789,87.33000183105469,29544,HILINFRA,2025-09
2025-09-16 06:05:00+00:00,87.08999633789062,87.08999633789062,87.19999694824219,86.98999786376953,86.98999786376953,18105,HILINFRA,2025-09
2025-09-16 06:10:00+00:00,87.25,87.25,87.33000183105469,87.19000244140625,87.19000244140625,10843,HILINFRA,2025-09
2025-09-16 06:15:00+00:00,86.91000366210938,86.91000366210938,87.29000091552734,86.91000366210938,87.27999877929688,11531,HILINFRA,2025-09
2025-09-16 06:20:00+00:00,86.97000122070312,86.97000122070312,86.9800033569336,86.91000366210938,86.91000366210938,1398,HILINFRA,2025-09
2025-09-16 09:50:00+00:00,86.62999725341797,86.62999725341797,86.8499984741211,86.5,86.72000122070312,197989,HILINFRA,2025-09
2025-09-16 09:55:00+00:00,86.80000305175781,86.80000305175781,86.80000305175781,86.51000213623047,86.63999938964844,16295,HILINFRA,2025-09
2025-09-17 03:45:00+00:00,86.80999755859375,86.80999755859375,87.27999877929688,86.73999786376953,86.73999786376953,48064,HILINFRA,2025-09
2025-09-17 03:50:00+00:00,86.80999755859375,86.80999755859375,86.80999755859375,86.69999694824219,86.80000305175781,16681,HILINFRA,2025-09
2025-09-17 03:55:00+00:00,87.19999694824219,87.19999694824219,87.33000183105469,86.66999816894531,86.69999694824219,11260,HILINFRA,2025-09
2025-09-17 04:00:00+00:00,86.98999786376953,86.98999786376953,87.16999816894531,86.81999969482422,87.16999816894531,4833,HILINFRA,2025-09
2025-09-17 04:05:00+00:00,87.2300033569336,87.2300033569336,87.26000213623047,86.93000030517578,87.02999877929688,10484,HILINFRA,2025-09
2025-09-17 04:10:00+00:00,86.97000122070312,86.97000122070312,87.22000122070312,86.97000122070312,87.22000122070312,3088,HILINFRA,2025-09
2025-09-17 04:15:00+00:00,86.95999908447266,86.95999908447266,87.19000244140625,86.94000244140625,86.95999908447266,5692,HILINFRA,2025-09
2025-09-17 04:20:00+00:00,86.9000015258789,86.9000015258789,87.11000061035156,86.8499984741211,87.0,2703,HILINFRA,2025-09
2025-09-17 04:25:00+00:00,86.8499984741211,86.8499984741211,86.94999694824219,86.8499984741211,86.9000015258789,2672,HILINFRA,2025-09
2025-09-17 04:30:00+00:00,86.81999969482422,86.81999969482422,86.87000274658203,86.55000305175781,86.8499984741211,15299,HILINFRA,2025-09
2025-09-17 04:35:00+00:00,86.58000183105469,86.58000183105469,86.83000183105469,86.5,86.81999969482422,15369,HILINFRA,2025-09
2025-09-17 04:40:00+00:00,86.66000366210938,86.66000366210938,86.7699966430664,86.5,86.69000244140625,6763,HILINFRA,2025-09
2025-09-17 04:45:00+00:00,86.61000061035156,86.61000061035156,86.76000213623047,86.5,86.55999755859375,4616,HILINFRA,2025-09
2025-09-17 04:50:00+00:00,86.51000213623047,86.51000213623047,86.5999984741211,86.5,86.55000305175781,2172,HILINFRA,2025-09
2025-09-17 04:55:00+00:00,86.48999786376953,86.48999786376953,86.6500015258789,86.33000183105469,86.51000213623047,21328,HILINFRA,2025-09
2025-09-17 05:00:00+00:00,86.36000061035156,86.36000061035156,86.5,86.3499984741211,86.44999694824219,6111,HILINFRA,2025-09
2025-09-17 05:05:00+00:00,86.48999786376953,86.48999786376953,86.48999786376953,86.38999938964844,86.41999816894531,2804,HILINFRA,2025-09
2025-09-17 05:10:00+00:00,86.47000122070312,86.47000122070312,86.48999786376953,86.38999938964844,86.4000015258789,5149,HILINFRA,2025-09
2025-09-17 05:15:00+00:00,86.44000244140625,86.44000244140625,86.4800033569336,86.38999938964844,86.45999908447266,1365,HILINFRA,2025-09
2025-09-17 05:20:00+00:00,86.47000122070312,86.47000122070312,86.48999786376953,86.4000015258789,86.44000244140625,1273,HILINFRA,2025-09
2025-09-17 05:25:00+00:00,86.38999938964844,86.38999938964844,86.47000122070312,86.37999725341797,86.47000122070312,4833,HILINFRA,2025-09
2025-09-17 05:30:00+00:00,86.4800033569336,86.4800033569336,86.5,86.3499984741211,86.3499984741211,3948,HILINFRA,2025-09
2025-09-17 05:35:00+00:00,86.43000030517578,86.43000030517578,86.5,86.37000274658203,86.41000366210938,4606,HILINFRA,2025-09
2025-09-17 05:40:00+00:00,86.38999938964844,86.38999938964844,86.48999786376953,86.38999938964844,86.43000030517578,3160,HILINFRA,2025-09
2025-09-17 05:45:00+00:00,86.41999816894531,86.41999816894531,86.45999908447266,86.36000061035156,86.38999938964844,4746,HILINFRA,2025-09
2025-09-17 05:50:00+00:00,86.41999816894531,86.41999816894531,86.44000244140625,86.25,86.41999816894531,12629,HILINFRA,2025-09
2025-09-17 05:55:00+00:00,86.0,86.0,86.43000030517578,85.98999786376953,86.41999816894531,34475,HILINFRA,2025-09
2025-09-17 06:00:00+00:00,86.12000274658203,86.12000274658203,86.12000274658203,85.98999786376953,86.0,17912,HILINFRA,2025-09
2025-09-17 06:05:00+00:00,86.05000305175781,86.05000305175781,86.0999984741211,85.98999786376953,86.0,9546,HILINFRA,2025-09
2025-09-17 06:10:00+00:00,86.0,86.0,86.05000305175781,85.98999786376953,86.0,4638,HILINFRA,2025-09
2025-09-17 06:15:00+00:00,86.0,86.0,86.0999984741211,85.98999786376953,86.0,5521,HILINFRA,2025-09
2025-09-17 06:20:00+00:00,86.0,86.0,86.08999633789062,85.9000015258789,86.0,9148,HILINFRA,2025-09
2025-09-17 06:25:00+00:00,85.97000122070312,85.97000122070312,86.05000305175781,85.91000366210938,86.05000305175781,34821,HILINFRA,2025-09
2025-09-17 06:30:00+00:00,85.9000015258789,85.9000015258789,85.97000122070312,85.7300033569336,85.91000366210938,16392,HILINFRA,2025-09
2025-09-17 06:35:00+00:00,85.9000015258789,85.9000015258789,85.9000015258789,85.76000213623047,85.83000183105469,5239,HILINFRA,2025-09
2025-09-17 06:40:00+00:00,85.47000122070312,85.47000122070312,85.9000015258789,85.3499984741211,85.9000015258789,25687,HILINFRA,2025-09
2025-09-17 06:45:00+00:00,85.5,85.5,85.5,85.4000015258789,85.4800033569336,6798,HILINFRA,2025-09
2025-09-17 06:50:00+00:00,85.5,85.5,85.5,85.4000015258789,85.5,6143,HILINFRA,2025-09
2025-09-17 06:55:00+00:00,85.51000213623047,85.51000213623047,85.70999908447266,85.4000015258789,85.5,11368,HILINFRA,2025-09
2025-09-17 07:00:00+00:00,85.44999694824219,85.44999694824219,85.58000183105469,85.41999816894531,85.5,4360,HILINFRA,2025-09
2025-09-17 07:05:00+00:00,85.5,85.5,85.58000183105469,85.44000244140625,85.44000244140625,171842,HILINFRA,2025-09
2025-09-17 07:10:00+00:00,85.62999725341797,85.62999725341797,85.6500015258789,85.44999694824219,85.58999633789062,2923,HILINFRA,2025-09
2025-09-17 07:15:00+00:00,85.61000061035156,85.61000061035156,85.68000030517578,85.51000213623047,85.63999938964844,2588,HILINFRA,2025-09
2025-09-17 07:20:00+00:00,85.58999633789062,85.58999633789062,85.66000366210938,85.58999633789062,85.63999938964844,1882,HILINFRA,2025-09
2025-09-17 07:25:00+00:00,85.5999984741211,85.5999984741211,85.72000122070312,85.58000183105469,85.5999984741211,12233,HILINFRA,2025-09
2025-09-17 07:30:00+00:00,85.68000030517578,85.68000030517578,85.7300033569336,85.5,85.61000061035156,2865,HILINFRA,2025-09
2025-09-17 07:35:00+00:00,85.72000122070312,85.72000122070312,85.81999969482422,85.69000244140625,85.69000244140625,393,HILINFRA,2025-09
2025-09-17 07:40:00+00:00,85.62000274658203,85.62000274658203,85.80999755859375,85.56999969482422,85.80999755859375,2770,HILINFRA,2025-09
2025-09-17 07:45:00+00:00,85.68000030517578,85.68000030517578,85.77999877929688,85.62000274658203,85.76000213623047,1040,HILINFRA,2025-09
2025-09-17 07:50:00+00:00,85.72000122070312,85.72000122070312,85.72000122070312,85.58999633789062,85.68000030517578,1633,HILINFRA,2025-09
2025-09-17 07:55:00+00:00,85.73999786376953,85.73999786376953,85.76000213623047,85.5,85.5,4007,HILINFRA,2025-09
2025-09-17 08:00:00+00:00,85.66999816894531,85.66999816894531,85.73999786376953,85.58999633789062,85.73999786376953,1783,HILINFRA,2025-09
2025-09-17 08:05:00+00:00,85.69999694824219,85.69999694824219,85.69999694824219,85.51000213623047,85.66999816894531,2182,HILINFRA,2025-09
2025-09-17 08:10:00+00:00,85.69000244140625,85.69000244140625,85.69999694824219,85.61000061035156,85.69999694824219,859,HILINFRA,2025-09
2025-09-17 08:15:00+00:00,85.69999694824219,85.69999694824219,85.76000213623047,85.69999694824219,85.69999694824219,1600,HILINFRA,2025-09
2025-09-17 08:20:00+00:00,85.70999908447266,85.70999908447266,85.70999908447266,85.61000061035156,85.69999694824219,1731,HILINFRA,2025-09
2025-09-17 08:25:00+00:00,85.69999694824219,85.69999694824219,85.70999908447266,85.5999984741211,85.69999694824219,2547,HILINFRA,2025-09
2025-09-17 08:30:00+00:00,85.44999694824219,85.44999694824219,85.69999694824219,85.44999694824219,85.69000244140625,7104,HILINFRA,2025-09
2025-09-17 08:35:00+00:00,85.4000015258789,85.4000015258789,85.4800033569336,85.3499984741211,85.44999694824219,21533,HILINFRA,2025-09
2025-09-17 08:40:00+00:00,85.4800033569336,85.4800033569336,85.5,85.4000015258789,85.4000015258789,1477,HILINFRA,2025-09
2025-09-17 08:45:00+00:00,85.44999694824219,85.44999694824219,85.4800033569336,85.33999633789062,85.4800033569336,2841,HILINFRA,2025-09
2025-09-17 08:50:00+00:00,85.4800033569336,85.4800033569336,85.48999786376953,85.4000015258789,85.44999694824219,1332,HILINFRA,2025-09
2025-09-17 08:55:00+00:00,85.45999908447266,85.45999908447266,85.5,85.4000015258789,85.48999786376953,4107,HILINFRA,2025-09
2025-09-17 09:00:00+00:00,85.4000015258789,85.4000015258789,85.4800033569336,85.36000061035156,85.45999908447266,7235,HILINFRA,2025-09
2025-09-17 09:05:00+00:00,85.5,85.5,85.5,85.37000274658203,85.4000015258789,6035,HILINFRA,2025-09
2025-09-17 09:10:00+00:00,85.56999969482422,85.56999969482422,85.61000061035156,85.48999786376953,85.5,1865,HILINFRA,2025-09
2025-09-17 09:15:00+00:00,85.58999633789062,85.58999633789062,85.5999984741211,85.5199966430664,85.55999755859375,2219,HILINFRA,2025-09
2025-09-17 09:20:00+00:00,85.5,85.5,85.58999633789062,85.5,85.58999633789062,5750,HILINFRA,2025-09
2025-09-17 09:25:00+00:00,85.62000274658203,85.62000274658203,85.62000274658203,85.51000213623047,85.58999633789062,2262,HILINFRA,2025-09
2025-09-17 09:30:00+00:00,85.5999984741211,85.5999984741211,85.70999908447266,85.44999694824219,85.61000061035156,23856,HILINFRA,2025-09
2025-09-17 09:35:00+00:00,85.55000305175781,85.55000305175781,85.5999984741211,85.44999694824219,85.5999984741211,3118,HILINFRA,2025-09
2025-09-17 09:40:00+00:00,85.44999694824219,85.44999694824219,85.61000061035156,85.41999816894531,85.55000305175781,10272,HILINFRA,2025-09
2025-09-17 09:45:00+00:00,85.48999786376953,85.48999786376953,85.55000305175781,85.0,85.45999908447266,53263,HILINFRA,2025-09
2025-09-17 09:50:00+00:00,85.11000061035156,85.11000061035156,85.48999786376953,85.0,85.48999786376953,31119,HILINFRA,2025-09
2025-09-17 09:55:00+00:00,85.4800033569336,85.4800033569336,85.55000305175781,85.13999938964844,85.23999786376953,21523,HILINFRA,2025-09
2025-09-18 03:45:00+00:00,85.55999755859375,85.55999755859375,85.70999908447266,85.31999969482422,85.5,0,HILINFRA,2025-09
2025-09-18 03:50:00+00:00,85.01000213623047,85.01000213623047,85.70999908447266,85.01000213623047,85.55000305175781,23004,HILINFRA,2025-09
2025-09-18 03:55:00+00:00,85.1500015258789,85.1500015258789,85.47000122070312,85.01000213623047,85.30999755859375,9173,HILINFRA,2025-09
2025-09-18 04:00:00+00:00,85.3499984741211,85.3499984741211,85.38999938964844,85.16000366210938,85.38999938964844,5259,HILINFRA,2025-09
2025-09-18 04:05:00+00:00,85.37999725341797,85.37999725341797,85.48999786376953,85.19000244140625,85.23999786376953,7657,HILINFRA,2025-09
2025-09-18 04:10:00+00:00,85.62000274658203,85.62000274658203,85.70999908447266,85.26000213623047,85.37999725341797,9075,HILINFRA,2025-09
2025-09-18 04:15:00+00:00,85.73999786376953,85.73999786376953,85.80000305175781,85.55000305175781,85.5999984741211,9588,HILINFRA,2025-09
2025-09-18 04:20:00+00:00,85.73999786376953,85.73999786376953,85.79000091552734,85.63999938964844,85.69999694824219,11593,HILINFRA,2025-09
2025-09-18 04:25:00+00:00,85.69999694824219,85.69999694824219,85.80999755859375,85.63999938964844,85.73999786376953,3659,HILINFRA,2025-09
2025-09-18 04:30:00+00:00,85.4000015258789,85.4000015258789,85.73999786376953,85.4000015258789,85.7300033569336,11252,HILINFRA,2025-09
2025-09-18 04:35:00+00:00,85.5,85.5,85.5999984741211,85.4000015258789,85.51000213623047,3100,HILINFRA,2025-09
2025-09-18 04:40:00+00:00,85.75,85.75,85.80000305175781,85.55000305175781,85.58999633789062,7388,HILINFRA,2025-09
2025-09-18 04:45:00+00:00,85.7699966430664,85.7699966430664,85.77999877929688,85.63999938964844,85.75,1006,HILINFRA,2025-09
2025-09-18 04:50:00+00:00,85.4800033569336,85.4800033569336,85.7300033569336,85.3499984741211,85.7300033569336,22875,HILINFRA,2025-09
2025-09-18 04:55:00+00:00,85.58000183105469,85.58000183105469,85.5999984741211,85.56999969482422,85.58000183105469,357,HILINFRA,2025-09
2025-09-18 05:00:00+00:00,85.5,85.5,85.58999633789062,85.44999694824219,85.58000183105469,2440,HILINFRA,2025-09
2025-09-18 05:05:00+00:00,85.43000030517578,85.43000030517578,85.5,85.4000015258789,85.5,477,HILINFRA,2025-09
2025-09-18 05:10:00+00:00,85.66000366210938,85.66000366210938,85.7300033569336,85.5,85.5,2465,HILINFRA,2025-09
2025-09-18 05:15:00+00:00,85.7300033569336,85.7300033569336,85.73999786376953,85.5999984741211,85.66000366210938,1198,HILINFRA,2025-09
2025-09-18 05:20:00+00:00,85.69999694824219,85.69999694824219,85.80000305175781,85.62999725341797,85.7300033569336,6323,HILINFRA,2025-09
2025-09-18 05:25:00+00:00,85.56999969482422,85.56999969482422,85.69000244140625,85.5199966430664,85.68000030517578,6779,HILINFRA,2025-09
2025-09-18 05:30:00+00:00,85.69000244140625,85.69000244140625,85.69000244140625,85.56999969482422,85.69000244140625,1095,HILINFRA,2025-09
2025-09-18 05:35:00+00:00,85.70999908447266,85.70999908447266,85.79000091552734,85.62000274658203,85.79000091552734,2306,HILINFRA,2025-09
2025-09-18 05:40:00+00:00,85.88999938964844,85.88999938964844,86.0,85.5999984741211,85.69999694824219,22511,HILINFRA,2025-09
2025-09-18 05:45:00+00:00,85.91000366210938,85.91000366210938,86.0,85.77999877929688,85.88999938964844,3659,HILINFRA,2025-09
2025-09-18 05:50:00+00:00,85.9000015258789,85.9000015258789,86.16999816894531,85.9000015258789,85.91000366210938,5338,HILINFRA,2025-09
2025-09-18 05:55:00+00:00,85.9800033569336,85.9800033569336,85.98999786376953,85.9000015258789,85.98999786376953,1411,HILINFRA,2025-09
2025-09-18 06:00:00+00:00,86.08999633789062,86.08999633789062,86.19000244140625,86.0,86.0,8565,HILINFRA,2025-09
2025-09-18 06:05:00+00:00,86.0,86.0,86.08999633789062,86.0,86.08999633789062,1841,HILINFRA,2025-09
2025-09-18 06:10:00+00:00,86.12000274658203,86.12000274658203,86.16000366210938,85.80000305175781,86.0,10979,HILINFRA,2025-09
2025-09-18 06:15:00+00:00,86.4000015258789,86.4000015258789,86.44999694824219,86.16999816894531,86.16999816894531,8617,HILINFRA,2025-09
2025-09-18 06:20:00+00:00,87.26000213623047,87.26000213623047,87.2699966430664,86.4000015258789,86.5,49153,HILINFRA,2025-09
2025-09-18 06:25:00+00:00,86.94000244140625,86.94000244140625,87.19999694824219,86.86000061035156,87.0199966430664,52437,HILINFRA,2025-09
2025-09-18 06:30:00+00:00,86.8499984741211,86.8499984741211,87.16000366210938,86.83999633789062,87.16000366210938,30835,HILINFRA,2025-09
2025-09-18 06:35:00+00:00,87.05000305175781,87.05000305175781,87.06999969482422,86.66000366210938,86.70999908447266,21753,HILINFRA,2025-09
2025-09-18 06:40:00+00:00,87.25,87.25,87.5,87.06999969482422,87.06999969482422,44834,HILINFRA,2025-09
2025-09-18 06:45:00+00:00,87.16000366210938,87.16000366210938,87.38999938964844,87.08999633789062,87.38999938964844,10508,HILINFRA,2025-09
2025-09-18 06:50:00+00:00,87.33999633789062,87.33999633789062,87.36000061035156,87.19999694824219,87.2699966430664,8501,HILINFRA,2025-09
2025-09-18 06:55:00+00:00,87.66000366210938,87.66000366210938,87.86000061035156,87.20999908447266,87.33999633789062,41860,HILINFRA,2025-09
2025-09-18 07:00:00+00:00,88.9800033569336,88.9800033569336,89.1500015258789,87.5,87.5999984741211,115548,HILINFRA,2025-09
2025-09-18 07:05:00+00:00,88.44999694824219,88.44999694824219,88.98999786376953,88.36000061035156,88.98999786376953,45560,HILINFRA,2025-09
2025-09-18 07:10:00+00:00,88.19000244140625,88.19000244140625,88.44999694824219,88.01000213623047,88.44000244140625,14559,HILINFRA,2025-09
2025-09-18 07:15:00+00:00,88.58000183105469,88.58000183105469,88.58000183105469,87.83999633789062,88.12999725341797,25170,HILINFRA,2025-09
2025-09-18 07:20:00+00:00,88.41000366210938,88.41000366210938,88.5,87.98999786376953,88.5,48344,HILINFRA,2025-09
2025-09-18 07:25:00+00:00,87.6500015258789,87.6500015258789,88.29000091552734,87.5,88.19999694824219,19270,HILINFRA,2025-09
2025-09-18 07:30:00+00:00,87.88999938964844,87.88999938964844,88.0,87.6500015258789,87.6500015258789,12247,HILINFRA,2025-09
2025-09-18 07:35:00+00:00,88.27999877929688,88.27999877929688,88.27999877929688,87.87999725341797,87.87999725341797,18209,HILINFRA,2025-09
2025-09-18 07:40:00+00:00,87.80000305175781,87.80000305175781,88.45999908447266,87.80000305175781,88.2699966430664,14713,HILINFRA,2025-09
2025-09-18 07:45:00+00:00,87.9000015258789,87.9000015258789,88.0,87.62999725341797,87.80999755859375,19564,HILINFRA,2025-09
2025-09-18 07:50:00+00:00,87.83000183105469,87.83000183105469,88.12999725341797,87.80000305175781,87.95999908447266,8219,HILINFRA,2025-09
2025-09-18 07:55:00+00:00,87.9000015258789,87.9000015258789,87.94000244140625,87.75,87.83000183105469,2314,HILINFRA,2025-09
2025-09-18 08:00:00+00:00,87.9000015258789,87.9000015258789,87.9000015258789,87.80999755859375,87.9000015258789,2223,HILINFRA,2025-09
2025-09-18 08:05:00+00:00,87.98999786376953,87.98999786376953,87.98999786376953,87.80999755859375,87.9000015258789,9079,HILINFRA,2025-09
2025-09-18 08:10:00+00:00,87.9800033569336,87.9800033569336,88.0,87.80999755859375,88.0,5238,HILINFRA,2025-09
2025-09-18 08:15:00+00:00,87.80000305175781,87.80000305175781,87.95999908447266,87.80000305175781,87.9000015258789,5663,HILINFRA,2025-09
2025-09-18 08:20:00+00:00,87.80000305175781,87.80000305175781,87.94000244140625,87.80000305175781,87.80999755859375,4552,HILINFRA,2025-09
2025-09-18 08:25:00+00:00,87.93000030517578,87.93000030517578,87.93000030517578,87.72000122070312,87.81999969482422,13228,HILINFRA,2025-09
2025-09-18 08:30:00+00:00,87.97000122070312,87.97000122070312,88.0,87.91000366210938,87.95999908447266,7862,HILINFRA,2025-09
2025-09-18 08:35:00+00:00,88.66999816894531,88.66999816894531,88.66999816894531,87.95999908447266,87.95999908447266,23301,HILINFRA,2025-09
2025-09-18 08:40:00+00:00,88.4000015258789,88.4000015258789,88.62000274658203,88.37000274658203,88.37000274658203,27975,HILINFRA,2025-09
2025-09-18 08:45:00+00:00,88.22000122070312,88.22000122070312,88.54000091552734,88.02999877929688,88.54000091552734,8714,HILINFRA,2025-09
2025-09-18 08:50:00+00:00,88.41999816894531,88.41999816894531,88.41999816894531,88.01000213623047,88.22000122070312,92768,HILINFRA,2025-09
2025-09-18 08:55:00+00:00,88.33999633789062,88.33999633789062,88.41999816894531,88.31999969482422,88.41999816894531,6651,HILINFRA,2025-09
2025-09-18 09:00:00+00:00,88.37999725341797,88.37999725341797,88.4800033569336,88.33000183105469,88.33999633789062,3507,HILINFRA,2025-09
2025-09-18 09:05:00+00:00,88.47000122070312,88.47000122070312,88.48999786376953,88.33000183105469,88.4800033569336,11891,HILINFRA,2025-09
2025-09-18 09:10:00+00:00,89.23999786376953,89.23999786376953,89.4800033569336,88.37000274658203,88.45999908447266,111689,HILINFRA,2025-09
2025-09-18 09:15:00+00:00,89.0,89.0,89.3499984741211,88.88999938964844,89.2300033569336,14986,HILINFRA,2025-09
2025-09-18 09:20:00+00:00,89.01000213623047,89.01000213623047,89.12999725341797,89.01000213623047,89.12000274658203,14088,HILINFRA,2025-09
2025-09-18 09:25:00+00:00,89.44000244140625,89.44000244140625,89.75,89.01000213623047,89.11000061035156,32899,HILINFRA,2025-09
2025-09-18 09:30:00+00:00,90.44999694824219,90.44999694824219,90.58000183105469,89.41000366210938,89.44000244140625,132009,HILINFRA,2025-09
2025-09-18 09:35:00+00:00,90.95999908447266,90.95999908447266,91.22000122070312,90.5,90.5,162877,HILINFRA,2025-09
2025-09-18 09:40:00+00:00,90.69999694824219,90.69999694824219,91.25,90.69999694824219,91.0999984741211,88169,HILINFRA,2025-09
2025-09-18 09:45:00+00:00,90.44000244140625,90.44000244140625,91.0,89.55999755859375,91.0,91386,HILINFRA,2025-09
2025-09-18 09:50:00+00:00,90.18000030517578,90.18000030517578,90.4000015258789,89.87000274658203,90.1500015258789,89591,HILINFRA,2025-09
2025-09-18 09:55:00+00:00,90.0,90.0,90.30000305175781,89.55999755859375,90.30000305175781,58146,HILINFRA,2025-09
2025-09-19 03:45:00+00:00,89.0,89.0,90.1500015258789,89.0,90.0,0,HILINFRA,2025-09
2025-09-19 03:50:00+00:00,88.88999938964844,88.88999938964844,89.27999877929688,88.75,88.93000030517578,30487,HILINFRA,2025-09
2025-09-19 03:55:00+00:00,88.61000061035156,88.61000061035156,89.04000091552734,88.58999633789062,88.87000274658203,29786,HILINFRA,2025-09
2025-09-19 04:00:00+00:00,88.87000274658203,88.87000274658203,88.88999938964844,88.5,88.73999786376953,19552,HILINFRA,2025-09
2025-09-19 04:05:00+00:00,88.6500015258789,88.6500015258789,88.97000122070312,88.55999755859375,88.97000122070312,8794,HILINFRA,2025-09
2025-09-19 04:10:00+00:00,88.66000366210938,88.66000366210938,88.80000305175781,88.51000213623047,88.66999816894531,10261,HILINFRA,2025-09
2025-09-19 04:15:00+00:00,88.80000305175781,88.80000305175781,89.0,88.66000366210938,88.79000091552734,19333,HILINFRA,2025-09
2025-09-19 04:20:00+00:00,88.61000061035156,88.61000061035156,88.83000183105469,88.55000305175781,88.83000183105469,12618,HILINFRA,2025-09
2025-09-19 04:25:00+00:00,88.48999786376953,88.48999786376953,88.72000122070312,88.41999816894531,88.69999694824219,16350,HILINFRA,2025-09
2025-09-19 04:30:00+00:00,88.51000213623047,88.51000213623047,88.51000213623047,88.0,88.33999633789062,23959,HILINFRA,2025-09
2025-09-19 04:35:00+00:00,88.30000305175781,88.30000305175781,88.51000213623047,88.23999786376953,88.4000015258789,3774,HILINFRA,2025-09
2025-09-19 04:40:00+00:00,88.3499984741211,88.3499984741211,88.44000244140625,88.23999786376953,88.37999725341797,3063,HILINFRA,2025-09
2025-09-19 04:45:00+00:00,88.3499984741211,88.3499984741211,88.41000366210938,88.23999786376953,88.3499984741211,5809,HILINFRA,2025-09
2025-09-19 04:50:00+00:00,88.63999938964844,88.63999938964844,88.63999938964844,88.3499984741211,88.41000366210938,5151,HILINFRA,2025-09
2025-09-19 04:55:00+00:00,88.70999908447266,88.70999908447266,88.7699966430664,88.51000213623047,88.66000366210938,11835,HILINFRA,2025-09
2025-09-19 05:00:00+00:00,88.52999877929688,88.52999877929688,88.7699966430664,88.51000213623047,88.7699966430664,6360,HILINFRA,2025-09
2025-09-19 05:05:00+00:00,88.6500015258789,88.6500015258789,88.69000244140625,88.5,88.5999984741211,2503,HILINFRA,2025-09
2025-09-19 05:10:00+00:00,88.55000305175781,88.55000305175781,88.66999816894531,88.51000213623047,88.63999938964844,3737,HILINFRA,2025-09
2025-09-19 05:15:00+00:00,88.51000213623047,88.51000213623047,88.63999938964844,88.51000213623047,88.63999938964844,2468,HILINFRA,2025-09
2025-09-19 05:20:00+00:00,88.5,88.5,88.5999984741211,88.5,88.51000213623047,2623,HILINFRA,2025-09
2025-09-19 05:25:00+00:00,88.55999755859375,88.55999755859375,88.68000030517578,88.5199966430664,88.5999984741211,1878,HILINFRA,2025-09
2025-09-19 05:30:00+00:00,88.51000213623047,88.51000213623047,88.55999755859375,88.51000213623047,88.55999755859375,5163,HILINFRA,2025-09
2025-09-19 05:35:00+00:00,88.52999877929688,88.52999877929688,88.62000274658203,88.5199966430664,88.5999984741211,10815,HILINFRA,2025-09
2025-09-19 05:40:00+00:00,88.47000122070312,88.47000122070312,88.51000213623047,88.47000122070312,88.51000213623047,0,HILINFRA,2025-09
2025-09-19 05:45:00+00:00,88.5,88.5,88.5,88.41000366210938,88.47000122070312,2710,HILINFRA,2025-09
2025-09-19 05:50:00+00:00,88.5,88.5,88.5,88.41000366210938,88.5,1842,HILINFRA,2025-09
2025-09-19 05:55:00+00:00,88.62999725341797,88.62999725341797,88.62999725341797,88.41999816894531,88.5,2001,HILINFRA,2025-09
2025-09-19 06:00:00+00:00,88.63999938964844,88.63999938964844,88.63999938964844,88.52999877929688,88.62999725341797,2096,HILINFRA,2025-09
2025-09-19 06:05:00+00:00,88.55000305175781,88.55000305175781,88.68000030517578,88.51000213623047,88.51000213623047,5067,HILINFRA,2025-09
2025-09-19 06:10:00+00:00,88.66999816894531,88.66999816894531,88.68000030517578,88.55000305175781,88.55000305175781,427,HILINFRA,2025-09
2025-09-19 06:15:00+00:00,88.5,88.5,88.66999816894531,88.5,88.66999816894531,1683,HILINFRA,2025-09
2025-09-19 06:20:00+00:00,88.38999938964844,88.38999938964844,88.55999755859375,88.36000061035156,88.55999755859375,4617,HILINFRA,2025-09
2025-09-19 06:25:00+00:00,88.4000015258789,88.4000015258789,88.5,88.37999725341797,88.48999786376953,546,HILINFRA,2025-09
2025-09-19 06:30:00+00:00,88.36000061035156,88.36000061035156,88.5,88.33999633789062,88.48999786376953,3135,HILINFRA,2025-09
2025-09-19 06:35:00+00:00,88.5,88.5,88.5,88.36000061035156,88.36000061035156,1071,HILINFRA,2025-09
2025-09-19 06:40:00+00:00,88.68000030517578,88.68000030517578,88.68000030517578,88.5,88.5,729,HILINFRA,2025-09
2025-09-19 06:45:00+00:00,88.68000030517578,88.68000030517578,88.68000030517578,88.58000183105469,88.58000183105469,1881,HILINFRA,2025-09
2025-09-19 06:50:00+00:00,88.45999908447266,88.45999908447266,88.58999633789062,88.45999908447266,88.58999633789062,1522,HILINFRA,2025-09
2025-09-19 06:55:00+00:00,88.66999816894531,88.66999816894531,88.66999816894531,88.45999908447266,88.56999969482422,2794,HILINFRA,2025-09
2025-09-19 07:00:00+00:00,88.62999725341797,88.62999725341797,88.66000366210938,88.55000305175781,88.55000305175781,1375,HILINFRA,2025-09
2025-09-19 07:05:00+00:00,88.47000122070312,88.47000122070312,88.6500015258789,88.31999969482422,88.62999725341797,4314,HILINFRA,2025-09
2025-09-19 07:10:00+00:00,88.38999938964844,88.38999938964844,88.5,88.38999938964844,88.47000122070312,3760,HILINFRA,2025-09
2025-09-19 07:15:00+00:00,88.48999786376953,88.48999786376953,88.5,88.37000274658203,88.38999938964844,1782,HILINFRA,2025-09
2025-09-19 07:20:00+00:00,88.33000183105469,88.33000183105469,88.44999694824219,88.33000183105469,88.44999694824219,1888,HILINFRA,2025-09
2025-09-19 07:25:00+00:00,88.55000305175781,88.55000305175781,88.55000305175781,88.41999816894531,88.41999816894531,3453,HILINFRA,2025-09
2025-09-19 07:30:00+00:00,88.63999938964844,88.63999938964844,88.6500015258789,88.44999694824219,88.45999908447266,1430,HILINFRA,2025-09
2025-09-19 07:35:00+00:00,88.5,88.5,88.62000274658203,88.5,88.54000091552734,1206,HILINFRA,2025-09
2025-09-19 07:40:00+00:00,88.62999725341797,88.62999725341797,88.62999725341797,88.47000122070312,88.4800033569336,2180,HILINFRA,2025-09
2025-09-19 07:45:00+00:00,88.54000091552734,88.54000091552734,88.6500015258789,88.52999877929688,88.52999877929688,476,HILINFRA,2025-09
2025-09-19 07:50:00+00:00,88.62999725341797,88.62999725341797,88.63999938964844,88.54000091552734,88.54000091552734,751,HILINFRA,2025-09
2025-09-19 07:55:00+00:00,88.63999938964844,88.63999938964844,88.69000244140625,88.54000091552734,88.54000091552734,3155,HILINFRA,2025-09
2025-09-19 08:00:00+00:00,88.63999938964844,88.63999938964844,88.63999938964844,88.55999755859375,88.63999938964844,538,HILINFRA,2025-09
2025-09-19 08:05:00+00:00,88.68000030517578,88.68000030517578,88.68000030517578,88.55000305175781,88.63999938964844,1818,HILINFRA,2025-09
2025-09-19 08:10:00+00:00,88.41999816894531,88.41999816894531,88.62999725341797,88.41999816894531,88.51000213623047,7444,HILINFRA,2025-09
2025-09-19 08:15:00+00:00,88.69999694824219,88.69999694824219,88.69999694824219,88.45999908447266,88.52999877929688,9660,HILINFRA,2025-09
2025-09-19 08:20:00+00:00,88.44000244140625,88.44000244140625,88.55000305175781,88.43000030517578,88.45999908447266,10294,HILINFRA,2025-09
2025-09-19 08:25:00+00:00,88.27999877929688,88.27999877929688,88.5,88.0,88.5,38688,HILINFRA,2025-09
2025-09-19 08:30:00+00:00,88.18000030517578,88.18000030517578,88.43000030517578,88.12000274658203,88.27999877929688,4142,HILINFRA,2025-09
2025-09-19 08:35:00+00:00,88.0199966430664,88.0199966430664,88.3499984741211,87.94999694824219,88.3499984741211,8375,HILINFRA,2025-09
2025-09-19 08:40:00+00:00,88.19000244140625,88.19000244140625,88.19000244140625,88.02999877929688,88.02999877929688,2837,HILINFRA,2025-09
2025-09-19 08:45:00+00:00,88.16000366210938,88.16000366210938,88.19000244140625,88.11000061035156,88.19000244140625,1700,HILINFRA,2025-09
2025-09-19 08:50:00+00:00,87.87999725341797,87.87999725341797,88.1500015258789,87.86000061035156,88.1500015258789,9128,HILINFRA,2025-09
2025-09-19 08:55:00+00:00,87.9000015258789,87.9000015258789,87.9800033569336,87.6500015258789,87.86000061035156,16079,HILINFRA,2025-09
2025-09-19 09:00:00+00:00,87.83999633789062,87.83999633789062,87.98999786376953,87.83999633789062,87.93000030517578,7352,HILINFRA,2025-09
2025-09-19 09:05:00+00:00,87.80000305175781,87.80000305175781,87.86000061035156,87.69999694824219,87.83999633789062,4068,HILINFRA,2025-09
2025-09-19 09:10:00+00:00,87.86000061035156,87.86000061035156,87.94999694824219,87.70999908447266,87.80000305175781,5750,HILINFRA,2025-09
2025-09-19 09:15:00+00:00,87.87999725341797,87.87999725341797,87.94000244140625,87.80000305175781,87.94000244140625,2571,HILINFRA,2025-09
2025-09-19 09:20:00+00:00,87.76000213623047,87.76000213623047,87.87000274658203,87.68000030517578,87.87000274658203,13287,HILINFRA,2025-09
2025-09-19 09:25:00+00:00,87.76000213623047,87.76000213623047,87.80999755859375,87.62000274658203,87.69999694824219,2805,HILINFRA,2025-09
2025-09-19 09:30:00+00:00,87.69999694824219,87.69999694824219,87.77999877929688,87.54000091552734,87.69999694824219,5704,HILINFRA,2025-09
2025-09-19 09:35:00+00:00,87.83000183105469,87.83000183105469,87.9800033569336,87.55999755859375,87.69999694824219,119644,HILINFRA,2025-09
2025-09-19 09:40:00+00:00,87.75,87.75,87.98999786376953,87.5999984741211,87.87999725341797,8962,HILINFRA,2025-09
2025-09-19 09:45:00+00:00,87.5,87.5,87.94999694824219,87.5,87.94999694824219,18486,HILINFRA,2025-09
2025-09-19 09:50:00+00:00,87.38999938964844,87.38999938964844,87.55000305175781,87.02999877929688,87.44999694824219,28178,HILINFRA,2025-09
2025-09-19 09:55:00+00:00,87.44000244140625,87.44000244140625,87.5,87.30000305175781,87.5,17439,HILINFRA,2025-09
2025-09-22 03:45:00+00:00,86.6500015258789,86.6500015258789,87.75,86.5999984741211,87.75,0,HILINFRA,2025-09
2025-09-22 03:50:00+00:00,86.88999938964844,86.88999938964844,86.94999694824219,86.66999816894531,86.66999816894531,7952,HILINFRA,2025-09
2025-09-22 03:55:00+00:00,87.06999969482422,87.06999969482422,87.0999984741211,86.62000274658203,86.88999938964844,16771,HILINFRA,2025-09
2025-09-22 04:00:00+00:00,87.0999984741211,87.0999984741211,87.19999694824219,86.97000122070312,86.97000122070312,4259,HILINFRA,2025-09
2025-09-22 04:05:00+00:00,87.0,87.0,87.04000091552734,86.70999908447266,87.04000091552734,7097,HILINFRA,2025-09
2025-09-22 04:10:00+00:00,86.98999786376953,86.98999786376953,87.0999984741211,86.70999908447266,86.91000366210938,3476,HILINFRA,2025-09
2025-09-22 04:15:00+00:00,86.98999786376953,86.98999786376953,87.08999633789062,86.9000015258789,87.0,3293,HILINFRA,2025-09
2025-09-22 04:20:00+00:00,86.94999694824219,86.94999694824219,87.38999938964844,86.86000061035156,87.0999984741211,17478,HILINFRA,2025-09
2025-09-22 04:25:00+00:00,87.0,87.0,87.06999969482422,86.87999725341797,86.88999938964844,1971,HILINFRA,2025-09
2025-09-22 04:30:00+00:00,86.9800033569336,86.9800033569336,87.04000091552734,86.80999755859375,87.0,4760,HILINFRA,2025-09
2025-09-22 04:35:00+00:00,86.88999938964844,86.88999938964844,87.1500015258789,86.88999938964844,87.1500015258789,8755,HILINFRA,2025-09
2025-09-22 04:40:00+00:00,86.8499984741211,86.8499984741211,86.98999786376953,86.8499984741211,86.97000122070312,1389,HILINFRA,2025-09
2025-09-22 04:45:00+00:00,86.80000305175781,86.80000305175781,86.88999938964844,86.80000305175781,86.88999938964844,1422,HILINFRA,2025-09
2025-09-22 04:50:00+00:00,86.7699966430664,86.7699966430664,86.88999938964844,86.6500015258789,86.8499984741211,6561,HILINFRA,2025-09
2025-09-22 04:55:00+00:00,86.88999938964844,86.88999938964844,86.9000015258789,86.76000213623047,86.87000274658203,472,HILINFRA,2025-09
2025-09-22 05:00:00+00:00,86.81999969482422,86.81999969482422,86.91999816894531,86.80999755859375,86.88999938964844,708,HILINFRA,2025-09
2025-09-22 05:05:00+00:00,86.88999938964844,86.88999938964844,86.94000244140625,86.81999969482422,86.81999969482422,1318,HILINFRA,2025-09
2025-09-22 05:10:00+00:00,86.7300033569336,86.7300033569336,86.83000183105469,86.61000061035156,86.80000305175781,4695,HILINFRA,2025-09
2025-09-22 05:15:00+00:00,86.70999908447266,86.70999908447266,86.81999969482422,86.70999908447266,86.81999969482422,1469,HILINFRA,2025-09
2025-09-22 05:20:00+00:00,86.69999694824219,86.69999694824219,86.79000091552734,86.66000366210938,86.70999908447266,990,HILINFRA,2025-09
2025-09-22 05:25:00+00:00,86.5999984741211,86.5999984741211,86.80999755859375,86.5999984741211,86.69999694824219,6986,HILINFRA,2025-09
2025-09-22 05:30:00+00:00,87.1500015258789,87.1500015258789,87.27999877929688,86.5999984741211,86.5999984741211,12677,HILINFRA,2025-09
2025-09-22 05:35:00+00:00,87.1500015258789,87.1500015258789,87.19999694824219,87.0,87.19999694824219,23845,HILINFRA,2025-09
2025-09-22 05:40:00+00:00,86.83999633789062,86.83999633789062,87.12000274658203,86.80999755859375,87.02999877929688,4327,HILINFRA,2025-09
2025-09-22 05:45:00+00:00,86.83999633789062,86.83999633789062,86.94000244140625,86.83999633789062,86.86000061035156,2255,HILINFRA,2025-09
2025-09-22 05:50:00+00:00,86.83999633789062,86.83999633789062,86.94000244140625,86.83999633789062,86.83999633789062,1680,HILINFRA,2025-09
2025-09-22 05:55:00+00:00,86.9000015258789,86.9000015258789,87.0,86.8499984741211,86.8499984741211,1468,HILINFRA,2025-09
2025-09-22 06:00:00+00:00,87.0,87.0,87.0,86.87000274658203,87.0,981,HILINFRA,2025-09
2025-09-22 06:05:00+00:00,86.94999694824219,86.94999694824219,87.0,86.83999633789062,87.0,1579,HILINFRA,2025-09
2025-09-22 06:10:00+00:00,86.94999694824219,86.94999694824219,86.94999694824219,86.8499984741211,86.9000015258789,945,HILINFRA,2025-09
2025-09-22 06:15:00+00:00,87.05000305175781,87.05000305175781,87.05000305175781,86.8499984741211,86.8499984741211,853,HILINFRA,2025-09
2025-09-22 06:20:00+00:00,86.98999786376953,86.98999786376953,86.98999786376953,86.87999725341797,86.91999816894531,261,HILINFRA,2025-09
2025-09-22 06:25:00+00:00,86.94999694824219,86.94999694824219,86.9800033569336,86.80999755859375,86.9000015258789,2594,HILINFRA,2025-09
2025-09-22 06:30:00+00:00,86.94999694824219,86.94999694824219,86.94999694824219,86.80999755859375,86.9000015258789,2091,HILINFRA,2025-09
2025-09-22 06:35:00+00:00,86.86000061035156,86.86000061035156,86.94999694824219,86.68000030517578,86.94999694824219,8213,HILINFRA,2025-09
2025-09-22 06:40:00+00:00,86.75,86.75,86.8499984741211,86.69999694824219,86.76000213623047,1311,HILINFRA,2025-09
2025-09-22 06:45:00+00:00,86.83000183105469,86.83000183105469,86.83000183105469,86.75,86.75,1106,HILINFRA,2025-09
2025-09-22 06:50:00+00:00,86.70999908447266,86.70999908447266,86.8499984741211,86.70999908447266,86.83000183105469,2582,HILINFRA,2025-09
2025-09-22 06:55:00+00:00,86.70999908447266,86.70999908447266,86.80000305175781,86.66999816894531,86.7699966430664,1454,HILINFRA,2025-09
2025-09-22 07:00:00+00:00,86.8499984741211,86.8499984741211,86.8499984741211,86.69999694824219,86.80000305175781,892,HILINFRA,2025-09
2025-09-22 07:05:00+00:00,86.80000305175781,86.80000305175781,86.8499984741211,86.73999786376953,86.8499984741211,946,HILINFRA,2025-09
2025-09-22 07:10:00+00:00,86.7699966430664,86.7699966430664,86.83000183105469,86.70999908447266,86.80000305175781,1712,HILINFRA,2025-09
2025-09-22 07:15:00+00:00,86.69999694824219,86.69999694824219,86.69999694824219,86.63999938964844,86.69999694824219,1322,HILINFRA,2025-09
2025-09-22 07:20:00+00:00,86.5999984741211,86.5999984741211,86.69999694824219,86.5999984741211,86.69999694824219,4851,HILINFRA,2025-09
2025-09-22 07:25:00+00:00,86.5999984741211,86.5999984741211,86.5999984741211,86.52999877929688,86.5999984741211,403,HILINFRA,2025-09
2025-09-22 07:30:00+00:00,86.51000213623047,86.51000213623047,86.5999984741211,86.51000213623047,86.5999984741211,546,HILINFRA,2025-09
2025-09-22 07:35:00+00:00,86.5999984741211,86.5999984741211,86.5999984741211,86.5199966430664,86.5999984741211,934,HILINFRA,2025-09
2025-09-22 07:40:00+00:00,86.76000213623047,86.76000213623047,86.76000213623047,86.5999984741211,86.5999984741211,439,HILINFRA,2025-09
2025-09-22 07:45:00+00:00,86.7699966430664,86.7699966430664,86.80999755859375,86.72000122070312,86.76000213623047,468,HILINFRA,2025-09
2025-09-22 07:50:00+00:00,86.63999938964844,86.63999938964844,86.79000091552734,86.61000061035156,86.7699966430664,1458,HILINFRA,2025-09
2025-09-22 07:55:00+00:00,86.80999755859375,86.80999755859375,86.81999969482422,86.61000061035156,86.63999938964844,1118,HILINFRA,2025-09
2025-09-22 08:00:00+00:00,86.69999694824219,86.69999694824219,86.83999633789062,86.69999694824219,86.80999755859375,1110,HILINFRA,2025-09
2025-09-22 08:05:00+00:00,86.6500015258789,86.6500015258789,86.69999694824219,86.6500015258789,86.6500015258789,893,HILINFRA,2025-09
2025-09-22 08:10:00+00:00,86.5999984741211,86.5999984741211,86.72000122070312,86.5999984741211,86.69999694824219,11464,HILINFRA,2025-09
2025-09-22 08:15:00+00:00,86.58000183105469,86.58000183105469,86.66000366210938,86.55000305175781,86.5999984741211,2542,HILINFRA,2025-09
2025-09-22 08:20:00+00:00,86.5999984741211,86.5999984741211,86.66000366210938,86.55000305175781,86.55999755859375,843,HILINFRA,2025-09
2025-09-22 08:25:00+00:00,86.62999725341797,86.62999725341797,86.63999938964844,86.51000213623047,86.5999984741211,5813,HILINFRA,2025-09
2025-09-22 08:30:00+00:00,86.51000213623047,86.51000213623047,86.62000274658203,86.51000213623047,86.62000274658203,2561,HILINFRA,2025-09
2025-09-22 08:35:00+00:00,86.5999984741211,86.5999984741211,86.5999984741211,86.51000213623047,86.51000213623047,1335,HILINFRA,2025-09
2025-09-22 08:40:00+00:00,86.51000213623047,86.51000213623047,86.5999984741211,86.44999694824219,86.5999984741211,8675,HILINFRA,2025-09
2025-09-22 08:45:00+00:00,86.5,86.5,86.55999755859375,86.44999694824219,86.5,688,HILINFRA,2025-09
2025-09-22 08:50:00+00:00,86.5,86.5,86.63999938964844,86.5,86.5,7073,HILINFRA,2025-09
2025-09-22 08:55:00+00:00,86.44999694824219,86.44999694824219,86.5,86.29000091552734,86.44999694824219,17761,HILINFRA,2025-09
2025-09-22 09:00:00+00:00,86.36000061035156,86.36000061035156,86.45999908447266,86.27999877929688,86.3499984741211,363,HILINFRA,2025-09
2025-09-22 09:05:00+00:00,86.37000274658203,86.37000274658203,86.44999694824219,86.37000274658203,86.44999694824219,838,HILINFRA,2025-09
2025-09-22 09:10:00+00:00,86.30000305175781,86.30000305175781,86.4000015258789,86.19999694824219,86.37000274658203,2520,HILINFRA,2025-09
2025-09-22 09:15:00+00:00,86.5,86.5,86.5,86.22000122070312,86.22000122070312,3495,HILINFRA,2025-09
2025-09-22 09:20:00+00:00,86.63999938964844,86.63999938964844,86.63999938964844,86.5,86.5,2800,HILINFRA,2025-09
2025-09-22 09:25:00+00:00,86.30000305175781,86.30000305175781,86.62999725341797,86.12999725341797,86.62999725341797,21796,HILINFRA,2025-09
2025-09-22 09:30:00+00:00,86.3499984741211,86.3499984741211,86.37999725341797,86.20999908447266,86.30999755859375,1041,HILINFRA,2025-09
2025-09-22 09:35:00+00:00,86.3499984741211,86.3499984741211,86.5,86.3499984741211,86.3499984741211,3917,HILINFRA,2025-09
2025-09-22 09:40:00+00:00,86.30999755859375,86.30999755859375,86.44999694824219,86.30999755859375,86.3499984741211,6646,HILINFRA,2025-09
2025-09-22 09:45:00+00:00,86.47000122070312,86.47000122070312,86.5,86.30000305175781,86.4000015258789,4275,HILINFRA,2025-09
2025-09-22 09:50:00+00:00,86.9000015258789,86.9000015258789,86.9000015258789,86.26000213623047,86.5,12432,HILINFRA,2025-09
2025-09-22 09:55:00+00:00,86.5199966430664,86.5199966430664,86.94999694824219,86.51000213623047,86.94999694824219,5863,HILINFRA,2025-09
2025-09-23 03:45:00+00:00,86.6500015258789,86.6500015258789,86.9000015258789,86.5,86.83999633789062,0,HILINFRA,2025-09
2025-09-23 03:50:00+00:00,86.5999984741211,86.5999984741211,86.83000183105469,86.54000091552734,86.54000091552734,4031,HILINFRA,2025-09
2025-09-23 03:55:00+00:00,87.1500015258789,87.1500015258789,87.19999694824219,86.62999725341797,86.62999725341797,18107,HILINFRA,2025-09
2025-09-23 04:00:00+00:00,86.5999984741211,86.5999984741211,87.05999755859375,86.5999984741211,87.05999755859375,12196,HILINFRA,2025-09
2025-09-23 04:05:00+00:00,86.9000015258789,86.9000015258789,86.9800033569336,86.5,86.51000213623047,9576,HILINFRA,2025-09
2025-09-23 04:10:00+00:00,86.95999908447266,86.95999908447266,86.98999786376953,86.66999816894531,86.87999725341797,7207,HILINFRA,2025-09
2025-09-23 04:15:00+00:00,86.6500015258789,86.6500015258789,86.95999908447266,86.6500015258789,86.94999694824219,4593,HILINFRA,2025-09
2025-09-23 04:20:00+00:00,86.62999725341797,86.62999725341797,86.73999786376953,86.55000305175781,86.6500015258789,2646,HILINFRA,2025-09
2025-09-23 04:25:00+00:00,86.36000061035156,86.36000061035156,86.5999984741211,85.8499984741211,86.5999984741211,22346,HILINFRA,2025-09
2025-09-23 04:30:00+00:00,86.3499984741211,86.3499984741211,86.3499984741211,86.19999694824219,86.3499984741211,3545,HILINFRA,2025-09
2025-09-23 04:35:00+00:00,86.23999786376953,86.23999786376953,86.37999725341797,86.22000122070312,86.31999969482422,1503,HILINFRA,2025-09
2025-09-23 04:40:00+00:00,86.19999694824219,86.19999694824219,86.23999786376953,86.1500015258789,86.23999786376953,1644,HILINFRA,2025-09
2025-09-23 04:45:00+00:00,86.08000183105469,86.08000183105469,86.38999938964844,86.08000183105469,86.26000213623047,7108,HILINFRA,2025-09
2025-09-23 04:50:00+00:00,85.9800033569336,85.9800033569336,86.12000274658203,85.87000274658203,86.01000213623047,6328,HILINFRA,2025-09
2025-09-23 04:55:00+00:00,86.0,86.0,86.18000030517578,85.9800033569336,86.05000305175781,2249,HILINFRA,2025-09
2025-09-23 05:00:00+00:00,86.05000305175781,86.05000305175781,86.08000183105469,85.9000015258789,86.0,1394,HILINFRA,2025-09
2025-09-23 05:05:00+00:00,86.20999908447266,86.20999908447266,86.36000061035156,85.94999694824219,86.08000183105469,4501,HILINFRA,2025-09
2025-09-23 05:10:00+00:00,86.33999633789062,86.33999633789062,86.36000061035156,86.08000183105469,86.3499984741211,2791,HILINFRA,2025-09
2025-09-23 05:15:00+00:00,86.12000274658203,86.12000274658203,86.33999633789062,86.11000061035156,86.33999633789062,1263,HILINFRA,2025-09
2025-09-23 05:20:00+00:00,85.98999786376953,85.98999786376953,86.19999694824219,85.9800033569336,86.19999694824219,5663,HILINFRA,2025-09
2025-09-23 05:25:00+00:00,85.9800033569336,85.9800033569336,85.9800033569336,85.9000015258789,85.9000015258789,1358,HILINFRA,2025-09
2025-09-23 05:30:00+00:00,85.8499984741211,85.8499984741211,86.13999938964844,85.80000305175781,85.9800033569336,13887,HILINFRA,2025-09
2025-09-23 05:35:00+00:00,85.79000091552734,85.79000091552734,85.9000015258789,85.62999725341797,85.8499984741211,4988,HILINFRA,2025-09
2025-09-23 05:40:00+00:00,85.5999984741211,85.5999984741211,85.80000305175781,85.5999984741211,85.69999694824219,4011,HILINFRA,2025-09
2025-09-23 05:45:00+00:00,85.72000122070312,85.72000122070312,85.7300033569336,85.61000061035156,85.69999694824219,1862,HILINFRA,2025-09
2025-09-23 05:50:00+00:00,85.70999908447266,85.70999908447266,85.76000213623047,85.61000061035156,85.72000122070312,1784,HILINFRA,2025-09
2025-09-23 05:55:00+00:00,85.68000030517578,85.68000030517578,85.83000183105469,85.62000274658203,85.83000183105469,1365,HILINFRA,2025-09
2025-09-23 06:00:00+00:00,85.62999725341797,85.62999725341797,85.69999694824219,85.62999725341797,85.69999694824219,816,HILINFRA,2025-09
2025-09-23 06:05:00+00:00,85.7300033569336,85.7300033569336,85.73999786376953,85.63999938964844,85.63999938964844,1983,HILINFRA,2025-09
2025-09-23 06:10:00+00:00,85.7699966430664,85.7699966430664,85.83000183105469,85.6500015258789,85.73999786376953,1018,HILINFRA,2025-09
2025-09-23 06:15:00+00:00,85.79000091552734,85.79000091552734,85.9000015258789,85.75,85.83999633789062,663,HILINFRA,2025-09
2025-09-23 06:20:00+00:00,85.87999725341797,85.87999725341797,85.87999725341797,85.69999694824219,85.79000091552734,4011,HILINFRA,2025-09
2025-09-23 06:25:00+00:00,85.9000015258789,85.9000015258789,85.97000122070312,85.8499984741211,85.9000015258789,4984,HILINFRA,2025-09
2025-09-23 06:30:00+00:00,85.87000274658203,85.87000274658203,85.98999786376953,85.70999908447266,85.9000015258789,3939,HILINFRA,2025-09
2025-09-23 06:35:00+00:00,85.87000274658203,85.87000274658203,85.87000274658203,85.76000213623047,85.87000274658203,565,HILINFRA,2025-09
2025-09-23 06:40:00+00:00,85.9000015258789,85.9000015258789,85.91999816894531,85.80000305175781,85.87000274658203,1542,HILINFRA,2025-09
2025-09-23 06:45:00+00:00,85.93000030517578,85.93000030517578,85.97000122070312,85.80000305175781,85.9000015258789,401,HILINFRA,2025-09
2025-09-23 06:50:00+00:00,85.94999694824219,85.94999694824219,85.9800033569336,85.83999633789062,85.91999816894531,1261,HILINFRA,2025-09
2025-09-23 06:55:00+00:00,85.83000183105469,85.83000183105469,85.94999694824219,85.83000183105469,85.94000244140625,497,HILINFRA,2025-09
2025-09-23 07:00:00+00:00,85.80000305175781,85.80000305175781,85.98999786376953,85.80000305175781,85.94000244140625,2961,HILINFRA,2025-09
2025-09-23 07:05:00+00:00,86.02999877929688,86.02999877929688,86.16000366210938,85.94000244140625,85.94000244140625,4640,HILINFRA,2025-09
2025-09-23 07:10:00+00:00,85.88999938964844,85.88999938964844,86.1500015258789,85.88999938964844,86.02999877929688,804,HILINFRA,2025-09
2025-09-23 07:15:00+00:00,85.97000122070312,85.97000122070312,85.98999786376953,85.8499984741211,85.98999786376953,508,HILINFRA,2025-09
2025-09-23 07:20:00+00:00,85.9800033569336,85.9800033569336,85.9800033569336,85.9000015258789,85.97000122070312,2436,HILINFRA,2025-09
2025-09-23 07:25:00+00:00,86.0,86.0,86.02999877929688,85.94999694824219,86.0,401,HILINFRA,2025-09
2025-09-23 07:30:00+00:00,86.0,86.0,86.1500015258789,86.0,86.0999984741211,2193,HILINFRA,2025-09
2025-09-23 07:35:00+00:00,85.86000061035156,85.86000061035156,86.0,85.73999786376953,85.94000244140625,4685,HILINFRA,2025-09
2025-09-23 07:40:00+00:00,85.91000366210938,85.91000366210938,85.91999816894531,85.75,85.75,249,HILINFRA,2025-09
2025-09-23 07:45:00+00:00,85.77999877929688,85.77999877929688,85.94000244140625,85.77999877929688,85.91999816894531,2765,HILINFRA,2025-09
2025-09-23 07:50:00+00:00,85.91000366210938,85.91000366210938,85.93000030517578,85.88999938964844,85.91999816894531,685,HILINFRA,2025-09
2025-09-23 07:55:00+00:00,85.87999725341797,85.87999725341797,85.94000244140625,85.80000305175781,85.91999816894531,1794,HILINFRA,2025-09
2025-09-23 08:00:00+00:00,85.9800033569336,85.9800033569336,86.0,85.87999725341797,85.87999725341797,316,HILINFRA,2025-09
2025-09-23 08:05:00+00:00,85.91000366210938,85.91000366210938,85.9800033569336,85.9000015258789,85.9800033569336,334,HILINFRA,2025-09
2025-09-23 08:10:00+00:00,85.9000015258789,85.9000015258789,86.0,85.9000015258789,85.98999786376953,1591,HILINFRA,2025-09
2025-09-23 08:15:00+00:00,85.98999786376953,85.98999786376953,86.0,85.88999938964844,85.9000015258789,3008,HILINFRA,2025-09
2025-09-23 08:20:00+00:00,85.95999908447266,85.95999908447266,85.98999786376953,85.87999725341797,85.88999938964844,1664,HILINFRA,2025-09
2025-09-23 08:25:00+00:00,85.9000015258789,85.9000015258789,85.97000122070312,85.8499984741211,85.8499984741211,2314,HILINFRA,2025-09
2025-09-23 08:30:00+00:00,85.87999725341797,85.87999725341797,85.93000030517578,85.75,85.83999633789062,3319,HILINFRA,2025-09
2025-09-23 08:35:00+00:00,85.81999969482422,85.81999969482422,85.98999786376953,85.69999694824219,85.77999877929688,4523,HILINFRA,2025-09
2025-09-23 08:40:00+00:00,85.86000061035156,85.86000061035156,85.95999908447266,85.80000305175781,85.81999969482422,1953,HILINFRA,2025-09
2025-09-23 08:45:00+00:00,85.86000061035156,85.86000061035156,85.86000061035156,85.7699966430664,85.86000061035156,311,HILINFRA,2025-09
2025-09-23 08:50:00+00:00,85.86000061035156,85.86000061035156,85.95999908447266,85.86000061035156,85.86000061035156,315,HILINFRA,2025-09
2025-09-23 08:55:00+00:00,85.87999725341797,85.87999725341797,85.95999908447266,85.83000183105469,85.95999908447266,1545,HILINFRA,2025-09
2025-09-23 09:00:00+00:00,85.9000015258789,85.9000015258789,85.94000244140625,85.83000183105469,85.87999725341797,1587,HILINFRA,2025-09
2025-09-23 09:05:00+00:00,85.87999725341797,85.87999725341797,85.93000030517578,85.87000274658203,85.9000015258789,1212,HILINFRA,2025-09
2025-09-23 09:10:00+00:00,85.91999816894531,85.91999816894531,85.91999816894531,85.76000213623047,85.91999816894531,9437,HILINFRA,2025-09
2025-09-23 09:15:00+00:00,85.83000183105469,85.83000183105469,85.97000122070312,85.79000091552734,85.93000030517578,6931,HILINFRA,2025-09
2025-09-23 09:20:00+00:00,85.87999725341797,85.87999725341797,85.94999694824219,85.80999755859375,85.9000015258789,2178,HILINFRA,2025-09
2025-09-23 09:25:00+00:00,85.80000305175781,85.80000305175781,85.88999938964844,85.77999877929688,85.80000305175781,2822,HILINFRA,2025-09
2025-09-23 09:30:00+00:00,85.88999938964844,85.88999938964844,85.9000015258789,85.79000091552734,85.80000305175781,2841,HILINFRA,2025-09
2025-09-23 09:35:00+00:00,85.9000015258789,85.9000015258789,86.0,85.80000305175781,85.87999725341797,5621,HILINFRA,2025-09
2025-09-23 09:40:00+00:00,85.87000274658203,85.87000274658203,85.93000030517578,85.80000305175781,85.93000030517578,3721,HILINFRA,2025-09
2025-09-23 09:45:00+00:00,85.8499984741211,85.8499984741211,86.0,85.80000305175781,85.80000305175781,8259,HILINFRA,2025-09
2025-09-23 09:50:00+00:00,85.80000305175781,85.80000305175781,85.87000274658203,85.69999694824219,85.8499984741211,23842,HILINFRA,2025-09
2025-09-23 09:55:00+00:00,85.87999725341797,85.87999725341797,85.98999786376953,85.70999908447266,85.80000305175781,16191,HILINFRA,2025-09
2025-09-24 03:45:00+00:00,85.81999969482422,85.81999969482422,86.45999908447266,85.81999969482422,86.45999908447266,0,HILINFRA,2025-09
2025-09-24 03:50:00+00:00,86.33000183105469,86.33000183105469,86.33000183105469,85.51000213623047,85.80999755859375,7699,HILINFRA,2025-09
2025-09-24 03:55:00+00:00,86.08000183105469,86.08000183105469,86.25,85.9800033569336,86.23999786376953,12335,HILINFRA,2025-09
2025-09-24 04:00:00+00:00,86.12000274658203,86.12000274658203,86.12000274658203,85.80999755859375,86.0,5156,HILINFRA,2025-09
2025-09-24 04:05:00+00:00,86.1500015258789,86.1500015258789,86.19000244140625,86.04000091552734,86.12000274658203,2750,HILINFRA,2025-09
2025-09-24 04:10:00+00:00,86.0199966430664,86.0199966430664,86.1500015258789,85.80000305175781,86.1500015258789,3625,HILINFRA,2025-09
2025-09-24 04:15:00+00:00,85.97000122070312,85.97000122070312,85.98999786376953,85.80000305175781,85.97000122070312,1036,HILINFRA,2025-09
2025-09-24 04:20:00+00:00,85.80000305175781,85.80000305175781,85.9800033569336,85.80000305175781,85.95999908447266,4591,HILINFRA,2025-09
2025-09-24 04:25:00+00:00,86.0,86.0,86.0,85.77999877929688,85.83000183105469,3965,HILINFRA,2025-09
2025-09-24 04:30:00+00:00,86.0999984741211,86.0999984741211,86.19000244140625,86.01000213623047,86.0999984741211,4783,HILINFRA,2025-09
2025-09-24 04:35:00+00:00,86.1500015258789,86.1500015258789,86.1500015258789,86.01000213623047,86.0999984741211,10444,HILINFRA,2025-09
2025-09-24 04:40:00+00:00,86.11000061035156,86.11000061035156,86.2300033569336,85.83999633789062,86.12000274658203,7142,HILINFRA,2025-09
2025-09-24 04:45:00+00:00,86.06999969482422,86.06999969482422,86.11000061035156,85.91999816894531,86.04000091552734,1301,HILINFRA,2025-09
2025-09-24 04:50:00+00:00,86.08999633789062,86.08999633789062,86.11000061035156,86.0,86.06999969482422,1142,HILINFRA,2025-09
2025-09-24 04:55:00+00:00,85.91000366210938,85.91000366210938,86.05000305175781,85.88999938964844,86.0,4166,HILINFRA,2025-09
2025-09-24 05:00:00+00:00,85.9000015258789,85.9000015258789,85.9800033569336,85.83000183105469,85.83999633789062,7945,HILINFRA,2025-09
2025-09-24 05:05:00+00:00,85.80999755859375,85.80999755859375,85.91999816894531,85.75,85.91999816894531,2955,HILINFRA,2025-09
2025-09-24 05:10:00+00:00,85.69000244140625,85.69000244140625,85.8499984741211,85.61000061035156,85.81999969482422,2837,HILINFRA,2025-09
2025-09-24 05:15:00+00:00,85.5999984741211,85.5999984741211,85.69999694824219,85.5999984741211,85.5999984741211,2186,HILINFRA,2025-09
2025-09-24 05:20:00+00:00,85.63999938964844,85.63999938964844,85.73999786376953,85.5999984741211,85.5999984741211,2997,HILINFRA,2025-09
2025-09-24 05:25:00+00:00,85.69999694824219,85.69999694824219,85.73999786376953,85.6500015258789,85.69999694824219,1796,HILINFRA,2025-09
2025-09-24 05:30:00+00:00,85.44999694824219,85.44999694824219,85.69999694824219,85.44999694824219,85.69999694824219,10448,HILINFRA,2025-09
2025-09-24 05:35:00+00:00,85.52999877929688,85.52999877929688,85.55000305175781,85.33000183105469,85.33000183105469,3058,HILINFRA,2025-09
2025-09-24 05:40:00+00:00,85.5999984741211,85.5999984741211,85.63999938964844,85.45999908447266,85.45999908447266,1871,HILINFRA,2025-09
2025-09-24 05:45:00+00:00,85.5999984741211,85.5999984741211,85.62000274658203,85.4800033569336,85.4800033569336,1932,HILINFRA,2025-09
2025-09-24 05:50:00+00:00,85.47000122070312,85.47000122070312,85.5999984741211,85.4000015258789,85.5999984741211,9564,HILINFRA,2025-09
2025-09-24 05:55:00+00:00,85.4000015258789,85.4000015258789,85.45999908447266,85.4000015258789,85.4000015258789,700,HILINFRA,2025-09
2025-09-24 06:00:00+00:00,85.38999938964844,85.38999938964844,85.58999633789062,85.3499984741211,85.43000030517578,2731,HILINFRA,2025-09
2025-09-24 06:05:00+00:00,85.47000122070312,85.47000122070312,85.5,85.36000061035156,85.5,2512,HILINFRA,2025-09
2025-09-24 06:10:00+00:00,85.47000122070312,85.47000122070312,85.4800033569336,85.4000015258789,85.4800033569336,888,HILINFRA,2025-09
2025-09-24 06:15:00+00:00,85.45999908447266,85.45999908447266,85.47000122070312,85.4000015258789,85.47000122070312,1579,HILINFRA,2025-09
2025-09-24 06:20:00+00:00,85.5199966430664,85.5199966430664,85.52999877929688,85.41000366210938,85.41000366210938,1288,HILINFRA,2025-09
2025-09-24 06:25:00+00:00,85.55999755859375,85.55999755859375,85.5999984741211,85.4800033569336,85.5199966430664,1027,HILINFRA,2025-09
2025-09-24 06:30:00+00:00,85.48999786376953,85.48999786376953,85.62999725341797,85.41999816894531,85.62999725341797,1526,HILINFRA,2025-09
2025-09-24 06:35:00+00:00,85.4000015258789,85.4000015258789,85.5,85.4000015258789,85.5,3624,HILINFRA,2025-09
2025-09-24 06:40:00+00:00,85.16999816894531,85.16999816894531,85.4000015258789,85.16000366210938,85.30000305175781,8167,HILINFRA,2025-09
2025-09-24 06:45:00+00:00,85.16000366210938,85.16000366210938,85.25,85.16000366210938,85.18000030517578,2810,HILINFRA,2025-09
2025-09-24 06:50:00+00:00,85.4000015258789,85.4000015258789,85.4000015258789,85.0999984741211,85.25,23017,HILINFRA,2025-09
2025-09-24 06:55:00+00:00,85.19999694824219,85.19999694824219,85.4000015258789,85.19999694824219,85.4000015258789,534,HILINFRA,2025-09
2025-09-24 07:00:00+00:00,85.30999755859375,85.30999755859375,85.30999755859375,85.13999938964844,85.23999786376953,2622,HILINFRA,2025-09
2025-09-24 07:05:00+00:00,85.2300033569336,85.2300033569336,85.4000015258789,85.2300033569336,85.30999755859375,2227,HILINFRA,2025-09
2025-09-24 07:10:00+00:00,85.37999725341797,85.37999725341797,85.37999725341797,85.20999908447266,85.20999908447266,10386,HILINFRA,2025-09
2025-09-24 07:15:00+00:00,85.2699966430664,85.2699966430664,85.36000061035156,85.25,85.3499984741211,1119,HILINFRA,2025-09
2025-09-24 07:20:00+00:00,85.4000015258789,85.4000015258789,85.41999816894531,85.29000091552734,85.29000091552734,71,HILINFRA,2025-09
2025-09-24 07:25:00+00:00,85.38999938964844,85.38999938964844,85.4000015258789,85.30000305175781,85.4000015258789,174,HILINFRA,2025-09
2025-09-24 07:30:00+00:00,85.41999816894531,85.41999816894531,85.41999816894531,85.37999725341797,85.37999725341797,206,HILINFRA,2025-09
2025-09-24 07:35:00+00:00,85.31999969482422,85.31999969482422,85.41999816894531,85.31999969482422,85.41999816894531,573,HILINFRA,2025-09
2025-09-24 07:40:00+00:00,85.31999969482422,85.31999969482422,85.44000244140625,85.29000091552734,85.31999969482422,956,HILINFRA,2025-09
2025-09-24 07:45:00+00:00,85.44000244140625,85.44000244140625,85.45999908447266,85.33000183105469,85.41999816894531,1792,HILINFRA,2025-09
2025-09-24 07:50:00+00:00,85.48999786376953,85.48999786376953,85.5,85.38999938964844,85.41000366210938,5484,HILINFRA,2025-09
2025-09-24 07:55:00+00:00,85.33000183105469,85.33000183105469,85.48999786376953,85.30000305175781,85.48999786376953,3327,HILINFRA,2025-09
2025-09-24 08:00:00+00:00,85.48999786376953,85.48999786376953,85.48999786376953,85.33000183105469,85.33000183105469,482,HILINFRA,2025-09
2025-09-24 08:05:00+00:00,85.44999694824219,85.44999694824219,85.48999786376953,85.43000030517578,85.48999786376953,551,HILINFRA,2025-09
2025-09-24 08:10:00+00:00,85.52999877929688,85.52999877929688,85.5999984741211,85.44999694824219,85.4800033569336,7456,HILINFRA,2025-09
2025-09-24 08:15:00+00:00,85.5,85.5,85.5999984741211,85.44999694824219,85.52999877929688,1578,HILINFRA,2025-09
2025-09-24 08:20:00+00:00,85.54000091552734,85.54000091552734,85.54000091552734,85.4800033569336,85.5,1289,HILINFRA,2025-09
2025-09-24 08:25:00+00:00,85.33999633789062,85.33999633789062,85.52999877929688,85.33000183105469,85.52999877929688,2849,HILINFRA,2025-09
2025-09-24 08:30:00+00:00,85.3499984741211,85.3499984741211,85.4800033569336,85.33999633789062,85.3499984741211,1256,HILINFRA,2025-09
2025-09-24 08:35:00+00:00,85.41000366210938,85.41000366210938,85.41999816894531,85.30000305175781,85.33000183105469,979,HILINFRA,2025-09
2025-09-24 08:40:00+00:00,85.41000366210938,85.41000366210938,85.44000244140625,85.30000305175781,85.41000366210938,1319,HILINFRA,2025-09
2025-09-24 08:45:00+00:00,85.38999938964844,85.38999938964844,85.43000030517578,85.33000183105469,85.43000030517578,1485,HILINFRA,2025-09
2025-09-24 08:50:00+00:00,85.0999984741211,85.0999984741211,85.4000015258789,85.05000305175781,85.4000015258789,6705,HILINFRA,2025-09
2025-09-24 08:55:00+00:00,85.0999984741211,85.0999984741211,85.16000366210938,85.05000305175781,85.05000305175781,2423,HILINFRA,2025-09
2025-09-24 09:00:00+00:00,85.19999694824219,85.19999694824219,85.19999694824219,85.12000274658203,85.16000366210938,1121,HILINFRA,2025-09
2025-09-24 09:05:00+00:00,85.12000274658203,85.12000274658203,85.19999694824219,85.12000274658203,85.19999694824219,3696,HILINFRA,2025-09
2025-09-24 09:10:00+00:00,85.0999984741211,85.0999984741211,85.2300033569336,85.0999984741211,85.19999694824219,1850,HILINFRA,2025-09
2025-09-24 09:15:00+00:00,85.20999908447266,85.20999908447266,85.20999908447266,85.0999984741211,85.0999984741211,2225,HILINFRA,2025-09
2025-09-24 09:20:00+00:00,85.0999984741211,85.0999984741211,85.20999908447266,85.06999969482422,85.20999908447266,2771,HILINFRA,2025-09
2025-09-24 09:25:00+00:00,85.16000366210938,85.16000366210938,85.16999816894531,85.05000305175781,85.0999984741211,1524,HILINFRA,2025-09
2025-09-24 09:30:00+00:00,85.0999984741211,85.0999984741211,85.0999984741211,85.0,85.0,10711,HILINFRA,2025-09
2025-09-24 09:35:00+00:00,85.1500015258789,85.1500015258789,85.1500015258789,85.0,85.0999984741211,10976,HILINFRA,2025-09
2025-09-24 09:40:00+00:00,84.66000366210938,84.66000366210938,85.1500015258789,84.66000366210938,85.1500015258789,23600,HILINFRA,2025-09
2025-09-24 09:45:00+00:00,84.75,84.75,84.88999938964844,84.55000305175781,84.55000305175781,6658,HILINFRA,2025-09
2025-09-24 09:50:00+00:00,84.69999694824219,84.69999694824219,84.75,84.25,84.75,21353,HILINFRA,2025-09
2025-09-24 09:55:00+00:00,85.0,85.0,85.0,84.61000061035156,84.69999694824219,7884,HILINFRA,2025-09
2025-09-25 03:45:00+00:00,85.26000213623047,85.26000213623047,85.86000061035156,84.9000015258789,85.4000015258789,0,HILINFRA,2025-09
2025-09-25 03:50:00+00:00,85.37999725341797,85.37999725341797,85.69999694824219,85.01000213623047,85.26000213623047,10266,HILINFRA,2025-09
2025-09-25 03:55:00+00:00,85.37000274658203,85.37000274658203,85.68000030517578,85.16000366210938,85.4000015258789,8082,HILINFRA,2025-09
2025-09-25 04:00:00+00:00,85.12000274658203,85.12000274658203,85.44000244140625,85.12000274658203,85.44000244140625,5323,HILINFRA,2025-09
2025-09-25 04:05:00+00:00,85.30000305175781,85.30000305175781,85.30000305175781,85.0,85.19000244140625,9764,HILINFRA,2025-09
2025-09-25 04:10:00+00:00,85.0999984741211,85.0999984741211,85.30000305175781,85.05000305175781,85.30000305175781,3500,HILINFRA,2025-09
2025-09-25 04:15:00+00:00,84.91000366210938,84.91000366210938,85.08999633789062,84.80000305175781,85.05000305175781,8723,HILINFRA,2025-09
2025-09-25 04:20:00+00:00,85.25,85.25,85.29000091552734,84.81999969482422,84.81999969482422,8523,HILINFRA,2025-09
2025-09-25 04:25:00+00:00,85.38999938964844,85.38999938964844,85.4000015258789,85.20999908447266,85.22000122070312,3081,HILINFRA,2025-09
2025-09-25 04:30:00+00:00,85.02999877929688,85.02999877929688,85.4000015258789,84.95999908447266,85.38999938964844,4092,HILINFRA,2025-09
2025-09-25 04:35:00+00:00,85.16999816894531,85.16999816894531,85.25,85.01000213623047,85.02999877929688,822,HILINFRA,2025-09
2025-09-25 04:40:00+00:00,85.18000030517578,85.18000030517578,85.25,85.02999877929688,85.05000305175781,2584,HILINFRA,2025-09
2025-09-25 04:45:00+00:00,84.87999725341797,84.87999725341797,85.37000274658203,84.80000305175781,85.20999908447266,21382,HILINFRA,2025-09
2025-09-25 04:50:00+00:00,84.9000015258789,84.9000015258789,84.9000015258789,84.75,84.87999725341797,1807,HILINFRA,2025-09
2025-09-25 04:55:00+00:00,84.87999725341797,84.87999725341797,84.9000015258789,84.80000305175781,84.87999725341797,5339,HILINFRA,2025-09
2025-09-25 05:00:00+00:00,84.69999694824219,84.69999694824219,84.88999938964844,84.5999984741211,84.87999725341797,8143,HILINFRA,2025-09
2025-09-25 05:05:00+00:00,84.6500015258789,84.6500015258789,84.87999725341797,84.5999984741211,84.81999969482422,3781,HILINFRA,2025-09
2025-09-25 05:10:00+00:00,84.79000091552734,84.79000091552734,84.80000305175781,84.61000061035156,84.6500015258789,2108,HILINFRA,2025-09
2025-09-25 05:15:00+00:00,84.79000091552734,84.79000091552734,84.79000091552734,84.6500015258789,84.68000030517578,1290,HILINFRA,2025-09
2025-09-25 05:20:00+00:00,84.87999725341797,84.87999725341797,84.88999938964844,84.69999694824219,84.79000091552734,753,HILINFRA,2025-09
2025-09-25 05:25:00+00:00,84.5999984741211,84.5999984741211,84.91000366210938,84.5999984741211,84.87999725341797,1322,HILINFRA,2025-09
2025-09-25 05:30:00+00:00,84.63999938964844,84.63999938964844,84.75,84.62000274658203,84.69999694824219,1185,HILINFRA,2025-09
2025-09-25 05:35:00+00:00,84.63999938964844,84.63999938964844,84.79000091552734,84.63999938964844,84.69000244140625,537,HILINFRA,2025-09
2025-09-25 05:40:00+00:00,84.70999908447266,84.70999908447266,84.80000305175781,84.61000061035156,84.6500015258789,2455,HILINFRA,2025-09
2025-09-25 05:45:00+00:00,84.6500015258789,84.6500015258789,84.79000091552734,84.63999938964844,84.72000122070312,1303,HILINFRA,2025-09
2025-09-25 05:50:00+00:00,84.69999694824219,84.69999694824219,84.80000305175781,84.68000030517578,84.73999786376953,1689,HILINFRA,2025-09
2025-09-25 05:55:00+00:00,84.61000061035156,84.61000061035156,84.75,84.61000061035156,84.73999786376953,776,HILINFRA,2025-09
2025-09-25 06:00:00+00:00,84.7300033569336,84.7300033569336,84.79000091552734,84.62999725341797,84.69000244140625,2773,HILINFRA,2025-09
2025-09-25 06:05:00+00:00,84.70999908447266,84.70999908447266,84.7300033569336,84.6500015258789,84.6500015258789,874,HILINFRA,2025-09
2025-09-25 06:10:00+00:00,84.30999755859375,84.30999755859375,84.70999908447266,84.30999755859375,84.70999908447266,15336,HILINFRA,2025-09
2025-09-25 06:15:00+00:00,84.47000122070312,84.47000122070312,84.47000122070312,84.31999969482422,84.31999969482422,1197,HILINFRA,2025-09
2025-09-25 06:20:00+00:00,84.45999908447266,84.45999908447266,84.47000122070312,84.31999969482422,84.45999908447266,1268,HILINFRA,2025-09
2025-09-25 06:25:00+00:00,84.4800033569336,84.4800033569336,84.4800033569336,84.3499984741211,84.45999908447266,1042,HILINFRA,2025-09
2025-09-25 06:30:00+00:00,84.31999969482422,84.31999969482422,84.4800033569336,84.31999969482422,84.47000122070312,2370,HILINFRA,2025-09
2025-09-25 06:35:00+00:00,84.31999969482422,84.31999969482422,84.37999725341797,84.31999969482422,84.3499984741211,1682,HILINFRA,2025-09
2025-09-25 06:40:00+00:00,84.38999938964844,84.38999938964844,84.43000030517578,84.31999969482422,84.38999938964844,394,HILINFRA,2025-09
2025-09-25 06:45:00+00:00,84.38999938964844,84.38999938964844,84.4000015258789,84.31999969482422,84.4000015258789,763,HILINFRA,2025-09
2025-09-25 06:50:00+00:00,84.30999755859375,84.30999755859375,84.38999938964844,84.30999755859375,84.38999938964844,2999,HILINFRA,2025-09
2025-09-25 06:55:00+00:00,84.3499984741211,84.3499984741211,84.3499984741211,84.25,84.26000213623047,2706,HILINFRA,2025-09
2025-09-25 07:00:00+00:00,84.33999633789062,84.33999633789062,84.3499984741211,84.25,84.3499984741211,1141,HILINFRA,2025-09
2025-09-25 07:05:00+00:00,84.30000305175781,84.30000305175781,84.33999633789062,84.25,84.26000213623047,3739,HILINFRA,2025-09
2025-09-25 07:10:00+00:00,84.38999938964844,84.38999938964844,84.43000030517578,84.26000213623047,84.26000213623047,3185,HILINFRA,2025-09
2025-09-25 07:15:00+00:00,84.41999816894531,84.41999816894531,84.41999816894531,84.26000213623047,84.38999938964844,1104,HILINFRA,2025-09
2025-09-25 07:20:00+00:00,84.44999694824219,84.44999694824219,84.48999786376953,84.36000061035156,84.4000015258789,1158,HILINFRA,2025-09
2025-09-25 07:25:00+00:00,84.41000366210938,84.41000366210938,84.44999694824219,84.31999969482422,84.44999694824219,1512,HILINFRA,2025-09
2025-09-25 07:30:00+00:00,84.4000015258789,84.4000015258789,84.41999816894531,84.31999969482422,84.41000366210938,654,HILINFRA,2025-09
2025-09-25 07:35:00+00:00,84.4000015258789,84.4000015258789,84.43000030517578,84.31999969482422,84.4000015258789,1634,HILINFRA,2025-09
2025-09-25 07:40:00+00:00,84.37000274658203,84.37000274658203,84.48999786376953,84.37000274658203,84.4000015258789,606,HILINFRA,2025-09
2025-09-25 07:45:00+00:00,84.3499984741211,84.3499984741211,84.45999908447266,84.31999969482422,84.45999908447266,756,HILINFRA,2025-09
2025-09-25 07:50:00+00:00,84.44999694824219,84.44999694824219,84.44999694824219,84.30999755859375,84.30999755859375,665,HILINFRA,2025-09
2025-09-25 07:55:00+00:00,84.61000061035156,84.61000061035156,84.6500015258789,84.30000305175781,84.33000183105469,4236,HILINFRA,2025-09
2025-09-25 08:00:00+00:00,84.43000030517578,84.43000030517578,84.4800033569336,84.31999969482422,84.4800033569336,1514,HILINFRA,2025-09
2025-09-25 08:05:00+00:00,84.38999938964844,84.38999938964844,84.43000030517578,84.2699966430664,84.3499984741211,453,HILINFRA,2025-09
2025-09-25 08:10:00+00:00,84.4800033569336,84.4800033569336,84.4800033569336,84.41999816894531,84.41999816894531,220,HILINFRA,2025-09
2025-09-25 08:15:00+00:00,84.45999908447266,84.45999908447266,84.58000183105469,84.45999908447266,84.4800033569336,450,HILINFRA,2025-09
2025-09-25 08:20:00+00:00,84.62999725341797,84.62999725341797,84.62999725341797,84.45999908447266,84.58000183105469,329,HILINFRA,2025-09
2025-09-25 08:25:00+00:00,84.3499984741211,84.3499984741211,84.5999984741211,84.3499984741211,84.58999633789062,1164,HILINFRA,2025-09
2025-09-25 08:30:00+00:00,84.4000015258789,84.4000015258789,84.4000015258789,84.29000091552734,84.29000091552734,1123,HILINFRA,2025-09
2025-09-25 08:35:00+00:00,84.44999694824219,84.44999694824219,84.51000213623047,84.37999725341797,84.4000015258789,845,HILINFRA,2025-09
2025-09-25 08:40:00+00:00,84.5,84.5,84.5,84.36000061035156,84.44999694824219,410,HILINFRA,2025-09
2025-09-25 08:45:00+00:00,84.30999755859375,84.30999755859375,84.48999786376953,84.30999755859375,84.38999938964844,1245,HILINFRA,2025-09
2025-09-25 08:50:00+00:00,84.43000030517578,84.43000030517578,84.43000030517578,84.30000305175781,84.30000305175781,744,HILINFRA,2025-09
2025-09-25 08:55:00+00:00,84.25,84.25,84.47000122070312,84.25,84.44999694824219,1524,HILINFRA,2025-09
2025-09-25 09:00:00+00:00,84.37000274658203,84.37000274658203,84.41999816894531,84.26000213623047,84.2699966430664,1466,HILINFRA,2025-09
2025-09-25 09:05:00+00:00,84.45999908447266,84.45999908447266,84.45999908447266,84.25,84.36000061035156,197,HILINFRA,2025-09
2025-09-25 09:10:00+00:00,84.43000030517578,84.43000030517578,84.44000244140625,84.25,84.41999816894531,6521,HILINFRA,2025-09
2025-09-25 09:15:00+00:00,84.44000244140625,84.44000244140625,84.44000244140625,84.30999755859375,84.41999816894531,1935,HILINFRA,2025-09
2025-09-25 09:20:00+00:00,84.33999633789062,84.33999633789062,84.41999816894531,84.23999786376953,84.41999816894531,1007,HILINFRA,2025-09
2025-09-25 09:25:00+00:00,84.33999633789062,84.33999633789062,84.33999633789062,84.25,84.33999633789062,1457,HILINFRA,2025-09
2025-09-25 09:30:00+00:00,84.33000183105469,84.33000183105469,84.37999725341797,84.25,84.37999725341797,3617,HILINFRA,2025-09
2025-09-25 09:35:00+00:00,83.91999816894531,83.91999816894531,84.33000183105469,83.91999816894531,84.33000183105469,25571,HILINFRA,2025-09
2025-09-25 09:40:00+00:00,83.80999755859375,83.80999755859375,83.94999694824219,83.75,83.94999694824219,7384,HILINFRA,2025-09
2025-09-25 09:45:00+00:00,83.3499984741211,83.3499984741211,83.80999755859375,83.06999969482422,83.69999694824219,20461,HILINFRA,2025-09
2025-09-25 09:50:00+00:00,82.91999816894531,82.91999816894531,83.30000305175781,82.81999969482422,83.19999694824219,18740,HILINFRA,2025-09
2025-09-25 09:55:00+00:00,83.66000366210938,83.66000366210938,83.66000366210938,82.83999633789062,83.0,25039,HILINFRA,2025-09
2025-09-26 03:45:00+00:00,82.30000305175781,82.30000305175781,83.43000030517578,82.30000305175781,83.20999908447266,0,HILINFRA,2025-09
2025-09-26 03:50:00+00:00,82.5,82.5,82.55999755859375,81.91000366210938,82.5,41343,HILINFRA,2025-09
2025-09-26 03:55:00+00:00,81.87000274658203,81.87000274658203,82.63999938964844,81.87000274658203,82.55000305175781,9554,HILINFRA,2025-09
2025-09-26 04:00:00+00:00,81.80000305175781,81.80000305175781,81.87000274658203,81.62000274658203,81.69000244140625,12482,HILINFRA,2025-09
2025-09-26 04:05:00+00:00,81.9000015258789,81.9000015258789,81.91999816894531,81.45999908447266,81.83999633789062,36061,HILINFRA,2025-09
2025-09-26 04:10:00+00:00,82.08000183105469,82.08000183105469,82.08000183105469,81.81999969482422,81.81999969482422,22114,HILINFRA,2025-09
2025-09-26 04:15:00+00:00,82.22000122070312,82.22000122070312,82.31999969482422,82.04000091552734,82.04000091552734,7749,HILINFRA,2025-09
2025-09-26 04:20:00+00:00,82.19999694824219,82.19999694824219,82.3499984741211,82.12999725341797,82.31999969482422,4929,HILINFRA,2025-09
2025-09-26 04:25:00+00:00,82.06999969482422,82.06999969482422,82.29000091552734,82.06999969482422,82.19999694824219,4282,HILINFRA,2025-09
2025-09-26 04:30:00+00:00,82.04000091552734,82.04000091552734,82.2300033569336,82.0,82.08999633789062,3725,HILINFRA,2025-09
2025-09-26 04:35:00+00:00,81.98999786376953,81.98999786376953,82.08000183105469,81.79000091552734,82.08000183105469,3590,HILINFRA,2025-09
2025-09-26 04:40:00+00:00,81.91999816894531,81.91999816894531,82.05999755859375,81.9000015258789,81.9800033569336,2066,HILINFRA,2025-09
2025-09-26 04:45:00+00:00,81.77999877929688,81.77999877929688,81.87999725341797,81.76000213623047,81.83000183105469,2284,HILINFRA,2025-09
2025-09-26 04:50:00+00:00,81.97000122070312,81.97000122070312,81.97000122070312,81.7699966430664,81.86000061035156,2035,HILINFRA,2025-09
2025-09-26 04:55:00+00:00,82.04000091552734,82.04000091552734,82.08000183105469,81.91000366210938,82.0,4239,HILINFRA,2025-09
2025-09-26 05:00:00+00:00,81.91000366210938,81.91000366210938,82.04000091552734,81.91000366210938,81.98999786376953,1844,HILINFRA,2025-09
2025-09-26 05:05:00+00:00,82.0,82.0,82.0,81.91000366210938,81.94999694824219,711,HILINFRA,2025-09
2025-09-26 05:10:00+00:00,81.95999908447266,81.95999908447266,82.0,81.94999694824219,82.0,352,HILINFRA,2025-09
2025-09-26 05:15:00+00:00,81.94999694824219,81.94999694824219,82.0,81.86000061035156,81.95999908447266,4387,HILINFRA,2025-09
2025-09-26 05:20:00+00:00,81.88999938964844,81.88999938964844,81.98999786376953,81.80999755859375,81.97000122070312,3283,HILINFRA,2025-09
2025-09-26 05:25:00+00:00,81.9000015258789,81.9000015258789,81.94000244140625,81.80999755859375,81.86000061035156,1408,HILINFRA,2025-09
2025-09-26 05:30:00+00:00,81.80999755859375,81.80999755859375,81.97000122070312,81.80999755859375,81.97000122070312,3087,HILINFRA,2025-09
2025-09-26 05:35:00+00:00,81.8499984741211,81.8499984741211,81.87999725341797,81.7699966430664,81.87999725341797,6181,HILINFRA,2025-09
2025-09-26 05:40:00+00:00,81.80999755859375,81.80999755859375,81.93000030517578,81.75,81.7699966430664,3553,HILINFRA,2025-09
2025-09-26 05:45:00+00:00,81.80000305175781,81.80000305175781,81.83000183105469,81.75,81.75,1047,HILINFRA,2025-09
2025-09-26 05:50:00+00:00,81.69000244140625,81.69000244140625,81.7699966430664,81.5999984741211,81.75,2580,HILINFRA,2025-09
2025-09-26 05:55:00+00:00,81.7300033569336,81.7300033569336,81.79000091552734,81.6500015258789,81.69000244140625,2071,HILINFRA,2025-09
2025-09-26 06:00:00+00:00,81.76000213623047,81.76000213623047,81.79000091552734,81.63999938964844,81.75,2700,HILINFRA,2025-09
2025-09-26 06:05:00+00:00,81.5999984741211,81.5999984741211,81.76000213623047,81.5999984741211,81.76000213623047,2589,HILINFRA,2025-09
2025-09-26 06:10:00+00:00,81.5,81.5,81.6500015258789,81.5,81.6500015258789,5070,HILINFRA,2025-09
2025-09-26 06:15:00+00:00,81.72000122070312,81.72000122070312,81.7699966430664,81.58000183105469,81.58000183105469,3231,HILINFRA,2025-09
2025-09-26 06:20:00+00:00,81.87000274658203,81.87000274658203,81.9000015258789,81.72000122070312,81.79000091552734,3241,HILINFRA,2025-09
2025-09-26 06:25:00+00:00,81.87000274658203,81.87000274658203,81.9000015258789,81.86000061035156,81.87999725341797,1941,HILINFRA,2025-09
2025-09-26 06:30:00+00:00,81.81999969482422,81.81999969482422,81.87999725341797,81.75,81.87999725341797,1089,HILINFRA,2025-09
2025-09-26 06:35:00+00:00,81.80999755859375,81.80999755859375,81.83999633789062,81.72000122070312,81.75,1618,HILINFRA,2025-09
2025-09-26 06:40:00+00:00,81.7300033569336,81.7300033569336,81.80999755859375,81.6500015258789,81.72000122070312,1421,HILINFRA,2025-09
2025-09-26 06:45:00+00:00,81.6500015258789,81.6500015258789,81.76000213623047,81.61000061035156,81.76000213623047,1080,HILINFRA,2025-09
2025-09-26 06:50:00+00:00,81.72000122070312,81.72000122070312,81.72000122070312,81.52999877929688,81.5999984741211,1931,HILINFRA,2025-09
2025-09-26 06:55:00+00:00,81.69999694824219,81.69999694824219,81.72000122070312,81.69999694824219,81.72000122070312,404,HILINFRA,2025-09
2025-09-26 07:00:00+00:00,81.5999984741211,81.5999984741211,81.72000122070312,81.55999755859375,81.69999694824219,1260,HILINFRA,2025-09
2025-09-26 07:05:00+00:00,81.69000244140625,81.69000244140625,81.72000122070312,81.51000213623047,81.5999984741211,2365,HILINFRA,2025-09
2025-09-26 07:10:00+00:00,81.72000122070312,81.72000122070312,81.72000122070312,81.62999725341797,81.69999694824219,812,HILINFRA,2025-09
2025-09-26 07:15:00+00:00,81.76000213623047,81.76000213623047,81.76000213623047,81.70999908447266,81.72000122070312,534,HILINFRA,2025-09
2025-09-26 07:20:00+00:00,81.66999816894531,81.66999816894531,81.77999877929688,81.66999816894531,81.77999877929688,2044,HILINFRA,2025-09
2025-09-26 07:25:00+00:00,81.69000244140625,81.69000244140625,81.75,81.62000274658203,81.63999938964844,1603,HILINFRA,2025-09
2025-09-26 07:30:00+00:00,81.70999908447266,81.70999908447266,81.77999877929688,81.62999725341797,81.69000244140625,2499,HILINFRA,2025-09
2025-09-26 07:35:00+00:00,81.75,81.75,81.77999877929688,81.75,81.77999877929688,1558,HILINFRA,2025-09
2025-09-26 07:40:00+00:00,81.69999694824219,81.69999694824219,81.73999786376953,81.5,81.70999908447266,4826,HILINFRA,2025-09
2025-09-26 07:45:00+00:00,81.5999984741211,81.5999984741211,81.69000244140625,81.5199966430664,81.69000244140625,3256,HILINFRA,2025-09
2025-09-26 07:50:00+00:00,81.58000183105469,81.58000183105469,81.58999633789062,81.5,81.58000183105469,1463,HILINFRA,2025-09
2025-09-26 07:55:00+00:00,81.45999908447266,81.45999908447266,81.54000091552734,81.44999694824219,81.5,7958,HILINFRA,2025-09
2025-09-26 08:00:00+00:00,81.44999694824219,81.44999694824219,81.51000213623047,81.43000030517578,81.45999908447266,13167,HILINFRA,2025-09
2025-09-26 08:05:00+00:00,81.44999694824219,81.44999694824219,81.44999694824219,81.41000366210938,81.44999694824219,1744,HILINFRA,2025-09
2025-09-26 08:10:00+00:00,81.38999938964844,81.38999938964844,81.5,81.3499984741211,81.41000366210938,3379,HILINFRA,2025-09
2025-09-26 08:15:00+00:00,81.3499984741211,81.3499984741211,81.4000015258789,81.3499984741211,81.38999938964844,1211,HILINFRA,2025-09
2025-09-26 08:20:00+00:00,81.31999969482422,81.31999969482422,81.4000015258789,81.26000213623047,81.3499984741211,2740,HILINFRA,2025-09
2025-09-26 08:25:00+00:00,81.30000305175781,81.30000305175781,81.41000366210938,81.30000305175781,81.31999969482422,3390,HILINFRA,2025-09
2025-09-26 08:30:00+00:00,81.31999969482422,81.31999969482422,81.44000244140625,81.30000305175781,81.41999816894531,2129,HILINFRA,2025-09
2025-09-26 08:35:00+00:00,81.30000305175781,81.30000305175781,81.37000274658203,81.30000305175781,81.30999755859375,2170,HILINFRA,2025-09
2025-09-26 08:40:00+00:00,81.37999725341797,81.37999725341797,81.4000015258789,81.30000305175781,81.30000305175781,1790,HILINFRA,2025-09
2025-09-26 08:45:00+00:00,81.31999969482422,81.31999969482422,81.37999725341797,81.2699966430664,81.37999725341797,3179,HILINFRA,2025-09
2025-09-26 08:50:00+00:00,81.29000091552734,81.29000091552734,81.37000274658203,81.19999694824219,81.36000061035156,5656,HILINFRA,2025-09
2025-09-26 08:55:00+00:00,81.20999908447266,81.20999908447266,81.30000305175781,81.19999694824219,81.29000091552734,4995,HILINFRA,2025-09
2025-09-26 09:00:00+00:00,81.1500015258789,81.1500015258789,81.2300033569336,81.12999725341797,81.22000122070312,5112,HILINFRA,2025-09
2025-09-26 09:05:00+00:00,81.0,81.0,81.18000030517578,80.73999786376953,81.1500015258789,38018,HILINFRA,2025-09
2025-09-26 09:10:00+00:00,81.0,81.0,81.0,80.88999938964844,81.0,3896,HILINFRA,2025-09
2025-09-26 09:15:00+00:00,81.0,81.0,81.0,80.9000015258789,81.0,5249,HILINFRA,2025-09
2025-09-26 09:20:00+00:00,80.83999633789062,80.83999633789062,81.06999969482422,80.73999786376953,81.0,6168,HILINFRA,2025-09
2025-09-26 09:25:00+00:00,80.69000244140625,80.69000244140625,80.9800033569336,80.62999725341797,80.79000091552734,9834,HILINFRA,2025-09
2025-09-26 09:30:00+00:00,80.69999694824219,80.69999694824219,80.75,80.44999694824219,80.5999984741211,13885,HILINFRA,2025-09
2025-09-26 09:35:00+00:00,80.79000091552734,80.79000091552734,80.80000305175781,80.61000061035156,80.69999694824219,7269,HILINFRA,2025-09
2025-09-26 09:40:00+00:00,80.5,80.5,80.8499984741211,80.5,80.79000091552734,20475,HILINFRA,2025-09
2025-09-26 09:45:00+00:00,80.47000122070312,80.47000122070312,80.68000030517578,80.44999694824219,80.5,17577,HILINFRA,2025-09
2025-09-26 09:50:00+00:00,81.0,81.0,81.1500015258789,80.47000122070312,80.47000122070312,45834,HILINFRA,2025-09
2025-09-26 09:55:00+00:00,81.0,81.0,81.7699966430664,81.0,81.0,18841,HILINFRA,2025-09
2025-09-29 03:45:00+00:00,81.18000030517578,81.18000030517578,82.69000244140625,81.18000030517578,82.69000244140625,0,HILINFRA,2025-09
2025-09-29 03:50:00+00:00,81.58999633789062,81.58999633789062,81.68000030517578,81.19999694824219,81.19999694824219,7679,HILINFRA,2025-09
2025-09-29 03:55:00+00:00,81.0,81.0,81.66000366210938,81.0,81.58999633789062,5192,HILINFRA,2025-09
2025-09-29 04:00:00+00:00,81.33000183105469,81.33000183105469,81.37999725341797,80.93000030517578,81.04000091552734,10566,HILINFRA,2025-09
2025-09-29 04:05:00+00:00,81.30000305175781,81.30000305175781,81.4800033569336,81.19999694824219,81.4800033569336,3884,HILINFRA,2025-09
2025-09-29 04:10:00+00:00,81.31999969482422,81.31999969482422,81.3499984741211,81.22000122070312,81.26000213623047,1457,HILINFRA,2025-09
2025-09-29 04:15:00+00:00,81.8499984741211,81.8499984741211,81.98999786376953,81.30999755859375,81.30999755859375,16318,HILINFRA,2025-09
2025-09-29 04:20:00+00:00,81.88999938964844,81.88999938964844,82.08000183105469,81.73999786376953,81.81999969482422,4900,HILINFRA,2025-09
2025-09-29 04:25:00+00:00,82.12999725341797,82.12999725341797,82.25,81.88999938964844,81.98999786376953,9438,HILINFRA,2025-09
2025-09-29 04:30:00+00:00,82.0199966430664,82.0199966430664,82.19999694824219,81.98999786376953,82.12000274658203,2854,HILINFRA,2025-09
2025-09-29 04:35:00+00:00,81.5999984741211,81.5999984741211,82.08999633789062,81.58999633789062,82.06999969482422,7647,HILINFRA,2025-09
2025-09-29 04:40:00+00:00,81.5199966430664,81.5199966430664,81.6500015258789,81.30999755859375,81.58999633789062,7003,HILINFRA,2025-09
2025-09-29 04:45:00+00:00,81.70999908447266,81.70999908447266,81.87999725341797,81.5199966430664,81.5199966430664,6157,HILINFRA,2025-09
2025-09-29 04:50:00+00:00,81.45999908447266,81.45999908447266,81.77999877929688,81.43000030517578,81.77999877929688,2077,HILINFRA,2025-09
2025-09-29 04:55:00+00:00,81.30999755859375,81.30999755859375,81.55000305175781,81.25,81.55000305175781,12439,HILINFRA,2025-09
2025-09-29 05:00:00+00:00,80.98999786376953,80.98999786376953,81.3499984741211,80.98999786376953,81.30999755859375,11007,HILINFRA,2025-09
2025-09-29 05:05:00+00:00,80.98999786376953,80.98999786376953,81.0,80.88999938964844,80.98999786376953,3297,HILINFRA,2025-09
2025-09-29 05:10:00+00:00,80.94000244140625,80.94000244140625,80.9800033569336,80.80999755859375,80.9000015258789,5170,HILINFRA,2025-09
2025-09-29 05:15:00+00:00,80.91000366210938,80.91000366210938,81.05000305175781,80.8499984741211,80.94000244140625,14408,HILINFRA,2025-09
2025-09-29 05:20:00+00:00,80.80000305175781,80.80000305175781,80.94000244140625,80.80000305175781,80.9000015258789,1677,HILINFRA,2025-09
2025-09-29 05:25:00+00:00,81.0,81.0,81.0,80.66000366210938,80.75,1639,HILINFRA,2025-09
2025-09-29 05:30:00+00:00,80.7300033569336,80.7300033569336,81.0,80.7300033569336,81.0,10861,HILINFRA,2025-09
2025-09-29 05:35:00+00:00,80.66000366210938,80.66000366210938,80.86000061035156,80.66000366210938,80.86000061035156,1802,HILINFRA,2025-09
2025-09-29 05:40:00+00:00,80.6500015258789,80.6500015258789,80.69000244140625,80.5,80.68000030517578,5032,HILINFRA,2025-09
2025-09-29 05:45:00+00:00,80.5,80.5,80.69000244140625,80.41000366210938,80.62000274658203,6011,HILINFRA,2025-09
2025-09-29 05:50:00+00:00,80.5,80.5,80.5,80.33000183105469,80.5,6482,HILINFRA,2025-09
2025-09-29 05:55:00+00:00,80.47000122070312,80.47000122070312,80.5,80.33999633789062,80.41999816894531,2814,HILINFRA,2025-09
2025-09-29 06:00:00+00:00,80.44000244140625,80.44000244140625,80.45999908447266,80.31999969482422,80.44999694824219,8001,HILINFRA,2025-09
2025-09-29 06:05:00+00:00,80.12000274658203,80.12000274658203,80.44000244140625,80.05000305175781,80.44000244140625,4559,HILINFRA,2025-09
2025-09-29 06:10:00+00:00,80.05999755859375,80.05999755859375,80.20999908447266,80.01000213623047,80.20999908447266,10480,HILINFRA,2025-09
2025-09-29 06:15:00+00:00,79.75,79.75,80.05999755859375,79.75,80.05999755859375,3515,HILINFRA,2025-09
2025-09-29 06:20:00+00:00,79.88999938964844,79.88999938964844,80.0,79.70999908447266,79.83999633789062,7343,HILINFRA,2025-09
2025-09-29 06:25:00+00:00,79.80000305175781,79.80000305175781,79.95999908447266,79.72000122070312,79.87999725341797,5759,HILINFRA,2025-09
2025-09-29 06:30:00+00:00,79.72000122070312,79.72000122070312,79.83000183105469,79.56999969482422,79.83000183105469,3001,HILINFRA,2025-09
2025-09-29 06:35:00+00:00,79.81999969482422,79.81999969482422,79.93000030517578,79.61000061035156,79.66999816894531,6321,HILINFRA,2025-09
2025-09-29 06:40:00+00:00,79.81999969482422,79.81999969482422,79.95999908447266,79.70999908447266,79.70999908447266,4773,HILINFRA,2025-09
2025-09-29 06:45:00+00:00,80.13999938964844,80.13999938964844,80.16000366210938,79.94999694824219,79.94999694824219,3085,HILINFRA,2025-09
2025-09-29 06:50:00+00:00,80.25,80.25,80.25,80.08000183105469,80.13999938964844,2931,HILINFRA,2025-09
2025-09-29 06:55:00+00:00,80.33000183105469,80.33000183105469,80.44999694824219,80.0999984741211,80.25,2389,HILINFRA,2025-09
2025-09-29 07:00:00+00:00,80.29000091552734,80.29000091552734,80.44000244140625,80.12000274658203,80.44000244140625,5291,HILINFRA,2025-09
2025-09-29 07:05:00+00:00,80.23999786376953,80.23999786376953,80.31999969482422,80.16000366210938,80.29000091552734,1323,HILINFRA,2025-09
2025-09-29 07:10:00+00:00,80.12000274658203,80.12000274658203,80.23999786376953,80.11000061035156,80.19000244140625,418,HILINFRA,2025-09
2025-09-29 07:15:00+00:00,80.08999633789062,80.08999633789062,80.1500015258789,80.0,80.04000091552734,2440,HILINFRA,2025-09
2025-09-29 07:20:00+00:00,80.08999633789062,80.08999633789062,80.31999969482422,80.02999877929688,80.08000183105469,2656,HILINFRA,2025-09
2025-09-29 07:25:00+00:00,80.30000305175781,80.30000305175781,80.33999633789062,80.0999984741211,80.16999816894531,698,HILINFRA,2025-09
2025-09-29 07:30:00+00:00,80.3499984741211,80.3499984741211,80.3499984741211,80.1500015258789,80.30000305175781,553,HILINFRA,2025-09
2025-09-29 07:35:00+00:00,80.38999938964844,80.38999938964844,80.4000015258789,80.37999725341797,80.37999725341797,1130,HILINFRA,2025-09
2025-09-29 07:40:00+00:00,80.55000305175781,80.55000305175781,80.62999725341797,80.41999816894531,80.41999816894531,4261,HILINFRA,2025-09
2025-09-29 07:45:00+00:00,80.58000183105469,80.58000183105469,80.58000183105469,80.37000274658203,80.41000366210938,1717,HILINFRA,2025-09
2025-09-29 07:50:00+00:00,80.80000305175781,80.80000305175781,80.80000305175781,80.62999725341797,80.62999725341797,844,HILINFRA,2025-09
2025-09-29 07:55:00+00:00,81.0999984741211,81.0999984741211,81.0999984741211,80.80000305175781,80.80000305175781,2558,HILINFRA,2025-09
2025-09-29 08:00:00+00:00,81.23999786376953,81.23999786376953,81.30000305175781,81.0999984741211,81.0999984741211,6368,HILINFRA,2025-09
2025-09-29 08:05:00+00:00,81.2300033569336,81.2300033569336,81.4000015258789,81.19000244140625,81.36000061035156,862,HILINFRA,2025-09
2025-09-29 08:10:00+00:00,81.19000244140625,81.19000244140625,81.30999755859375,81.05999755859375,81.30999755859375,747,HILINFRA,2025-09
2025-09-29 08:15:00+00:00,81.13999938964844,81.13999938964844,81.19999694824219,81.0199966430664,81.19999694824219,4654,HILINFRA,2025-09
2025-09-29 08:20:00+00:00,80.95999908447266,80.95999908447266,81.13999938964844,80.95999908447266,81.13999938964844,2198,HILINFRA,2025-09
2025-09-29 08:25:00+00:00,80.98999786376953,80.98999786376953,81.06999969482422,80.91999816894531,81.05000305175781,569,HILINFRA,2025-09
2025-09-29 08:30:00+00:00,81.08000183105469,81.08000183105469,81.19999694824219,80.95999908447266,80.95999908447266,6008,HILINFRA,2025-09
2025-09-29 08:35:00+00:00,81.0199966430664,81.0199966430664,81.08999633789062,80.94999694824219,80.94999694824219,2441,HILINFRA,2025-09
2025-09-29 08:40:00+00:00,81.20999908447266,81.20999908447266,81.20999908447266,81.08999633789062,81.08999633789062,399,HILINFRA,2025-09
2025-09-29 08:45:00+00:00,81.19000244140625,81.19000244140625,81.20999908447266,81.12000274658203,81.20999908447266,491,HILINFRA,2025-09
2025-09-29 08:50:00+00:00,81.19999694824219,81.19999694824219,81.19999694824219,81.12000274658203,81.19000244140625,215,HILINFRA,2025-09
2025-09-29 08:55:00+00:00,81.13999938964844,81.13999938964844,81.18000030517578,81.02999877929688,81.08999633789062,1715,HILINFRA,2025-09
2025-09-29 09:00:00+00:00,81.04000091552734,81.04000091552734,81.0999984741211,81.01000213623047,81.0999984741211,2614,HILINFRA,2025-09
2025-09-29 09:05:00+00:00,81.05999755859375,81.05999755859375,81.16000366210938,81.05999755859375,81.06999969482422,686,HILINFRA,2025-09
2025-09-29 09:10:00+00:00,81.08000183105469,81.08000183105469,81.19000244140625,81.06999969482422,81.1500015258789,1730,HILINFRA,2025-09
2025-09-29 09:15:00+00:00,81.0199966430664,81.0199966430664,81.18000030517578,81.0199966430664,81.18000030517578,1041,HILINFRA,2025-09
2025-09-29 09:20:00+00:00,81.05999755859375,81.05999755859375,81.13999938964844,81.01000213623047,81.0199966430664,795,HILINFRA,2025-09
2025-09-29 09:25:00+00:00,81.05000305175781,81.05000305175781,81.30000305175781,81.04000091552734,81.04000091552734,1821,HILINFRA,2025-09
2025-09-29 09:30:00+00:00,80.9000015258789,80.9000015258789,81.0999984741211,80.80000305175781,81.0999984741211,6271,HILINFRA,2025-09
2025-09-29 09:35:00+00:00,80.83999633789062,80.83999633789062,80.9800033569336,80.79000091552734,80.9000015258789,2340,HILINFRA,2025-09
2025-09-29 09:40:00+00:00,80.95999908447266,80.95999908447266,81.0999984741211,80.9000015258789,80.91000366210938,1652,HILINFRA,2025-09
2025-09-29 09:45:00+00:00,80.86000061035156,80.86000061035156,80.97000122070312,80.62999725341797,80.97000122070312,5874,HILINFRA,2025-09
2025-09-29 09:50:00+00:00,81.0,81.0,81.0,80.63999938964844,80.63999938964844,9079,HILINFRA,2025-09
2025-09-29 09:55:00+00:00,80.87999725341797,80.87999725341797,81.0999984741211,80.63999938964844,81.0,7484,HILINFRA,2025-09
2025-09-30 03:45:00+00:00,81.0999984741211,81.0999984741211,81.37000274658203,80.63999938964844,80.87999725341797,0,HILINFRA,2025-09
2025-09-30 03:50:00+00:00,80.80999755859375,80.80999755859375,81.1500015258789,80.80000305175781,80.9800033569336,5935,HILINFRA,2025-09
2025-09-30 03:55:00+00:00,80.88999938964844,80.88999938964844,80.91000366210938,80.72000122070312,80.80000305175781,3461,HILINFRA,2025-09
2025-09-30 04:00:00+00:00,81.31999969482422,81.31999969482422,81.44999694824219,80.7300033569336,80.87000274658203,2536,HILINFRA,2025-09
2025-09-30 04:05:00+00:00,81.20999908447266,81.20999908447266,81.36000061035156,81.19000244140625,81.36000061035156,1625,HILINFRA,2025-09
2025-09-30 04:10:00+00:00,81.5,81.5,81.5,81.19000244140625,81.20999908447266,10203,HILINFRA,2025-09
2025-09-30 04:15:00+00:00,82.33000183105469,82.33000183105469,82.33000183105469,81.44999694824219,81.44999694824219,21632,HILINFRA,2025-09
2025-09-30 04:20:00+00:00,82.13999938964844,82.13999938964844,82.31999969482422,81.9000015258789,82.31999969482422,7593,HILINFRA,2025-09
2025-09-30 04:25:00+00:00,82.0999984741211,82.0999984741211,82.33999633789062,82.0,82.12999725341797,5172,HILINFRA,2025-09
2025-09-30 04:30:00+00:00,82.0999984741211,82.0999984741211,82.33000183105469,82.0999984741211,82.23999786376953,2223,HILINFRA,2025-09
2025-09-30 04:35:00+00:00,81.70999908447266,81.70999908447266,82.20999908447266,81.54000091552734,82.19999694824219,13396,HILINFRA,2025-09
2025-09-30 04:40:00+00:00,80.87999725341797,80.87999725341797,81.70999908447266,80.87999725341797,81.5199966430664,15756,HILINFRA,2025-09
2025-09-30 04:45:00+00:00,80.9000015258789,80.9000015258789,81.38999938964844,80.7699966430664,81.38999938964844,8602,HILINFRA,2025-09
2025-09-30 04:50:00+00:00,80.9000015258789,80.9000015258789,80.97000122070312,80.76000213623047,80.9000015258789,5651,HILINFRA,2025-09
2025-09-30 04:55:00+00:00,80.83000183105469,80.83000183105469,80.95999908447266,80.75,80.95999908447266,1530,HILINFRA,2025-09
2025-09-30 05:00:00+00:00,80.83000183105469,80.83000183105469,80.87999725341797,80.66000366210938,80.7300033569336,3494,HILINFRA,2025-09
2025-09-30 05:05:00+00:00,80.72000122070312,80.72000122070312,80.80000305175781,80.5999984741211,80.69000244140625,2452,HILINFRA,2025-09
2025-09-30 05:10:00+00:00,80.66000366210938,80.66000366210938,80.87000274658203,80.5,80.72000122070312,11435,HILINFRA,2025-09
2025-09-30 05:15:00+00:00,80.37000274658203,80.37000274658203,80.66000366210938,80.26000213623047,80.63999938964844,6435,HILINFRA,2025-09
2025-09-30 05:20:00+00:00,80.43000030517578,80.43000030517578,80.5,80.30000305175781,80.37000274658203,5509,HILINFRA,2025-09
2025-09-30 05:25:00+00:00,80.4000015258789,80.4000015258789,80.73999786376953,80.37999725341797,80.4000015258789,12738,HILINFRA,2025-09
2025-09-30 05:30:00+00:00,80.5999984741211,80.5999984741211,80.66999816894531,80.5,80.5999984741211,1604,HILINFRA,2025-09
2025-09-30 05:35:00+00:00,80.5999984741211,80.5999984741211,80.5999984741211,80.5,80.5999984741211,1550,HILINFRA,2025-09
2025-09-30 05:40:00+00:00,80.19999694824219,80.19999694824219,80.58999633789062,80.0199966430664,80.58999633789062,11142,HILINFRA,2025-09
2025-09-30 05:45:00+00:00,80.30000305175781,80.30000305175781,80.3499984741211,80.12000274658203,80.19999694824219,2504,HILINFRA,2025-09
2025-09-30 05:50:00+00:00,80.19999694824219,80.19999694824219,80.30000305175781,80.19999694824219,80.30000305175781,3675,HILINFRA,2025-09
2025-09-30 05:55:00+00:00,80.19999694824219,80.19999694824219,80.30000305175781,80.08000183105469,80.30000305175781,2655,HILINFRA,2025-09
2025-09-30 06:00:00+00:00,80.19999694824219,80.19999694824219,80.19999694824219,80.0999984741211,80.13999938964844,4218,HILINFRA,2025-09
2025-09-30 06:05:00+00:00,80.16999816894531,80.16999816894531,80.19999694824219,80.05000305175781,80.19000244140625,1815,HILINFRA,2025-09
2025-09-30 06:10:00+00:00,80.18000030517578,80.18000030517578,80.18000030517578,80.05000305175781,80.16999816894531,2055,HILINFRA,2025-09
2025-09-30 06:15:00+00:00,80.16000366210938,80.16000366210938,80.16999816894531,80.05000305175781,80.16999816894531,2460,HILINFRA,2025-09
2025-09-30 06:20:00+00:00,80.19000244140625,80.19000244140625,80.19000244140625,80.05000305175781,80.16999816894531,1556,HILINFRA,2025-09
2025-09-30 06:25:00+00:00,80.1500015258789,80.1500015258789,80.19999694824219,80.0999984741211,80.19999694824219,1595,HILINFRA,2025-09
2025-09-30 06:30:00+00:00,80.16999816894531,80.16999816894531,80.26000213623047,80.0999984741211,80.1500015258789,2338,HILINFRA,2025-09
2025-09-30 06:35:00+00:00,80.19999694824219,80.19999694824219,80.27999877929688,80.12000274658203,80.27999877929688,723,HILINFRA,2025-09
2025-09-30 06:40:00+00:00,80.16000366210938,80.16000366210938,80.22000122070312,80.0999984741211,80.19999694824219,2456,HILINFRA,2025-09
2025-09-30 06:45:00+00:00,80.12000274658203,80.12000274658203,80.16000366210938,80.0,80.0999984741211,6793,HILINFRA,2025-09
2025-09-30 06:50:00+00:00,80.0,80.0,80.11000061035156,79.98999786376953,80.0999984741211,5361,HILINFRA,2025-09
2025-09-30 06:55:00+00:00,80.0999984741211,80.0999984741211,80.0999984741211,80.0,80.0,948,HILINFRA,2025-09
2025-09-30 07:00:00+00:00,80.0999984741211,80.0999984741211,80.16000366210938,80.0,80.0999984741211,3895,HILINFRA,2025-09
2025-09-30 07:05:00+00:00,80.19999694824219,80.19999694824219,80.22000122070312,80.0999984741211,80.0999984741211,2432,HILINFRA,2025-09
2025-09-30 07:10:00+00:00,80.19000244140625,80.19000244140625,80.19999694824219,80.06999969482422,80.06999969482422,630,HILINFRA,2025-09
2025-09-30 07:15:00+00:00,80.1500015258789,80.1500015258789,80.19000244140625,80.1500015258789,80.19000244140625,247,HILINFRA,2025-09
2025-09-30 07:20:00+00:00,80.18000030517578,80.18000030517578,80.18000030517578,80.1500015258789,80.1500015258789,1454,HILINFRA,2025-09
2025-09-30 07:25:00+00:00,80.12000274658203,80.12000274658203,80.19000244140625,80.0,80.19000244140625,4028,HILINFRA,2025-09
2025-09-30 07:30:00+00:00,80.08000183105469,80.08000183105469,80.11000061035156,80.0,80.11000061035156,621,HILINFRA,2025-09
2025-09-30 07:35:00+00:00,80.08000183105469,80.08000183105469,80.08999633789062,80.0,80.0,1385,HILINFRA,2025-09
2025-09-30 07:40:00+00:00,80.0,80.0,80.08000183105469,80.0,80.08000183105469,3479,HILINFRA,2025-09
2025-09-30 07:45:00+00:00,79.81999969482422,79.81999969482422,80.0,79.80999755859375,80.0,3357,HILINFRA,2025-09
2025-09-30 07:50:00+00:00,79.87000274658203,79.87000274658203,80.0,79.87000274658203,79.91999816894531,575,HILINFRA,2025-09
2025-09-30 07:55:00+00:00,79.97000122070312,79.97000122070312,80.0,79.8499984741211,79.87000274658203,4844,HILINFRA,2025-09
2025-09-30 08:00:00+00:00,79.98999786376953,79.98999786376953,80.0,79.97000122070312,79.97000122070312,1111,HILINFRA,2025-09
2025-09-30 08:05:00+00:00,79.87999725341797,79.87999725341797,79.98999786376953,79.86000061035156,79.98999786376953,825,HILINFRA,2025-09
2025-09-30 08:10:00+00:00,79.97000122070312,79.97000122070312,79.98999786376953,79.87999725341797,79.91000366210938,462,HILINFRA,2025-09
2025-09-30 08:15:00+00:00,80.05000305175781,80.05000305175781,80.05000305175781,79.87999725341797,79.97000122070312,891,HILINFRA,2025-09
2025-09-30 08:20:00+00:00,79.88999938964844,79.88999938964844,79.9800033569336,79.87000274658203,79.97000122070312,2222,HILINFRA,2025-09
2025-09-30 08:25:00+00:00,79.70999908447266,79.70999908447266,79.9000015258789,79.70999908447266,79.8499984741211,2637,HILINFRA,2025-09
2025-09-30 08:30:00+00:00,79.73999786376953,79.73999786376953,79.79000091552734,79.66000366210938,79.70999908447266,1863,HILINFRA,2025-09
2025-09-30 08:35:00+00:00,79.80000305175781,79.80000305175781,79.80000305175781,79.73999786376953,79.73999786376953,548,HILINFRA,2025-09
2025-09-30 08:40:00+00:00,79.79000091552734,79.79000091552734,79.81999969482422,79.66000366210938,79.81999969482422,1867,HILINFRA,2025-09
2025-09-30 08:45:00+00:00,79.75,79.75,79.80999755859375,79.69000244140625,79.79000091552734,861,HILINFRA,2025-09
2025-09-30 08:50:00+00:00,79.55000305175781,79.55000305175781,79.7699966430664,79.5,79.75,4682,HILINFRA,2025-09
2025-09-30 08:55:00+00:00,79.55999755859375,79.55999755859375,79.68000030517578,79.55000305175781,79.55000305175781,2003,HILINFRA,2025-09
2025-09-30 09:00:00+00:00,79.5,79.5,79.66999816894531,79.5,79.62999725341797,4607,HILINFRA,2025-09
2025-09-30 09:05:00+00:00,79.63999938964844,79.63999938964844,79.6500015258789,79.51000213623047,79.62000274658203,1279,HILINFRA,2025-09
2025-09-30 09:10:00+00:00,79.70999908447266,79.70999908447266,79.76000213623047,79.55000305175781,79.6500015258789,3730,HILINFRA,2025-09
2025-09-30 09:15:00+00:00,79.75,79.75,79.75,79.58999633789062,79.69999694824219,1413,HILINFRA,2025-09
2025-09-30 09:20:00+00:00,79.79000091552734,79.79000091552734,79.81999969482422,79.69999694824219,79.75,3504,HILINFRA,2025-09
2025-09-30 09:25:00+00:00,79.81999969482422,79.81999969482422,79.94000244140625,79.79000091552734,79.79000091552734,1976,HILINFRA,2025-09
2025-09-30 09:30:00+00:00,79.76000213623047,79.76000213623047,79.88999938964844,79.76000213623047,79.83000183105469,1433,HILINFRA,2025-09
2025-09-30 09:35:00+00:00,79.93000030517578,79.93000030517578,79.93000030517578,79.55999755859375,79.75,6208,HILINFRA,2025-09
2025-09-30 09:40:00+00:00,79.69000244140625,79.69000244140625,79.94000244140625,79.61000061035156,79.7300033569336,4017,HILINFRA,2025-09
2025-09-30 09:45:00+00:00,79.79000091552734,79.79000091552734,79.88999938964844,79.45999908447266,79.5999984741211,9143,HILINFRA,2025-09
2025-09-30 09:50:00+00:00,79.5199966430664,79.5199966430664,79.8499984741211,79.5199966430664,79.8499984741211,6858,HILINFRA,2025-09
2025-09-30 09:55:00+00:00,79.5999984741211,79.5999984741211,79.70999908447266,79.16999816894531,79.30999755859375,18805,HILINFRA,2025-09
